date,ivts,ivts9,rsi
2015-01-16,0.99,1.03,33.27
2015-01-20,0.95,1.1,36.72
2015-01-21,0.94,1.08,46.5
2015-01-22,0.88,0.95,67.04
2015-01-23,0.88,0.97,57
2015-01-26,0.86,0.96,60.21
2015-01-27,0.9,1.02,39.9
2015-01-28,0.95,1.07,27.96
2015-01-29,0.94,1,42.68
2015-01-30,0.96,1.01,31.43
2015-02-02,0.93,1,48.15
2015-02-03,0.89,0.95,61.39
2015-02-04,0.9,0.95,56.23
2015-02-05,0.87,0.91,65.3
2015-02-06,0.87,0.86,60.37
2015-02-09,0.9,0.91,53.47
2015-02-10,0.87,0.88,65.47
2015-02-11,0.86,0.84,65.26
2015-02-12,0.84,0.81,74.66
2015-02-13,0.81,0.8,77.87
2015-02-17,0.86,0.86,79
2015-02-18,0.83,0.8,78.84
2015-02-19,0.85,0.81,74.58
2015-02-20,0.83,0.82,81.88
2015-02-23,0.83,0.84,80.49
2015-02-24,0.82,0.8,83.97
2015-02-25,0.82,0.84,78.8
2015-02-26,0.83,0.82,69.95
2015-02-27,0.79,0.79,54.2
2015-03-02,0.79,0.83,70.69
2015-03-03,0.83,0.85,52.94
2015-03-04,0.84,0.86,40.36
2015-03-05,0.84,0.87,45.01
2015-03-06,0.86,0.94,21.21
2015-03-09,0.87,0.94,33.04
2015-03-10,0.91,1,18.36
2015-03-11,0.91,0.99,17.04
2015-03-12,0.89,0.98,43.85
2015-03-13,0.89,0.95,36.53
2015-03-16,0.9,1.03,56.48
2015-03-17,0.9,1.07,51.6
2015-03-18,0.85,0.99,65.68
2015-03-19,0.83,0.92,57.59
2015-03-20,0.78,0.82,67.36
2015-03-23,0.81,0.9,63.59
2015-03-24,0.82,0.9,51.57
2015-03-25,0.88,0.99,33.16
2015-03-26,0.9,1.01,30.92
2015-03-27,0.87,0.97,35.64
2015-03-30,0.86,0.99,57.39
2015-03-31,0.87,1.01,44.26
2015-04-01,0.87,0.95,39.04
2015-04-02,0.85,0.95,45.72
2015-04-06,0.88,0.96,57.29
2015-04-07,0.88,0.94,52.74
2015-04-08,0.85,0.92,57.96
2015-04-09,0.82,0.87,65.7
2015-04-10,0.81,0.79,73.16
2015-04-13,0.85,0.9,59.44
2015-04-14,0.86,0.86,62.59
2015-04-15,0.82,0.82,71.08
2015-04-16,0.82,0.85,68.99
2015-04-17,0.86,0.93,38.14
2015-04-20,0.85,0.95,57.16
2015-04-21,0.85,0.95,54.18
2015-04-22,0.82,0.93,63.25
2015-04-23,0.82,0.95,67.28
2015-04-24,0.81,0.88,70.98
2015-04-27,0.82,0.97,56.39
2015-04-28,0.81,0.96,62.65
2015-04-29,0.84,0.99,50.02
2015-04-30,0.88,1.04,30.15
2015-05-01,0.83,0.93,54.12
2015-05-04,0.83,0.93,59.23
2015-05-05,0.88,1.02,38.63
2015-05-06,0.91,1.06,33.39
2015-05-07,0.9,1.03,41.67
2015-05-08,0.83,0.88,62.95
2015-05-11,0.86,0.97,53.73
2015-05-12,0.85,1,48.44
2015-05-13,0.84,0.98,47.81
2015-05-14,0.8,0.91,66.12
2015-05-15,0.8,0.87,67.44
2015-05-18,0.84,0.86,71.68
2015-05-19,0.84,0.87,70.02
2015-05-20,0.85,0.81,65.53
2015-05-21,0.83,0.82,71.16
2015-05-22,0.84,0.79,60.27
2015-05-26,0.91,0.95,31.69
2015-05-27,0.89,0.9,54.83
2015-05-28,0.89,0.92,51.89
2015-05-29,0.9,0.99,38.44
2015-06-01,0.91,0.99,44.2
2015-06-02,0.91,0.98,41.64
2015-06-03,0.89,0.93,49.44
2015-06-04,0.9,1.02,30.37
2015-06-05,0.89,0.96,27.6
2015-06-08,0.92,1.04,19.57
2015-06-09,0.89,1.04,20.65
2015-06-10,0.86,1.01,56.68
2015-06-11,0.85,0.96,60.91
2015-06-12,0.88,1.03,43.69
2015-06-15,0.93,1.08,35.83
2015-06-16,0.91,1.1,49.67
2015-06-17,0.89,1.05,54.07
2015-06-18,0.85,0.99,70.23
2015-06-19,0.88,1.03,56.62
2015-06-22,0.85,1.03,66.36
2015-06-23,0.83,1,67.25
2015-06-24,0.87,1.12,48.28
2015-06-25,0.9,1.08,42.18
2015-06-26,0.91,1.1,41.45
2015-06-29,1.01,1.2,17.57
2015-06-30,0.99,1.15,24.24
2015-07-01,0.96,1.07,40.52
2015-07-02,0.95,1.07,39.36
2015-07-06,0.94,0.98,33.77
2015-07-07,0.95,0.99,49.11
2015-07-08,1.02,1.07,27.45
2015-07-09,1.01,1.1,32.22
2015-07-10,0.95,1.02,53.93
2015-07-13,0.87,0.96,66.27
2015-07-14,0.86,0.91,70.37
2015-07-15,0.85,0.94,69.05
2015-07-16,0.82,0.85,76.59
2015-07-17,0.82,0.81,77.52
2015-07-20,0.82,0.91,78.38
2015-07-21,0.83,0.93,63.28
2015-07-22,0.82,0.92,55.3
2015-07-23,0.85,0.94,40.99
2015-07-24,0.88,0.95,25.46
2015-07-27,0.93,1.06,20.38
2015-07-28,0.87,1.01,48.1
2015-07-29,0.84,0.97,58.87
2015-07-30,0.82,0.91,59.31
2015-07-31,0.81,0.88,54.29
2015-08-03,0.85,0.96,46.83
2015-08-04,0.86,0.96,41.72
2015-08-05,0.84,0.92,50.97
2015-08-06,0.89,0.99,34.17
2015-08-07,0.87,0.97,29.65
2015-08-10,0.82,0.94,59.18
2015-08-11,0.86,1.03,42.62
2015-08-12,0.86,1.05,44.19
2015-08-13,0.86,1.01,41.66
2015-08-14,0.83,0.92,52.07
2015-08-17,0.86,0.87,62.65
2015-08-18,0.88,0.88,55.04
2015-08-19,0.92,0.94,36.95
2015-08-20,1.02,1.09,18.07
2015-08-21,1.19,1.39,9.28
2015-08-24,1.31,1.34,5.34
2015-08-25,1.22,1.25,4.55
2015-08-26,1.18,1.25,37.3
2015-08-27,1.05,1.11,51
2015-08-28,1.03,1.04,51.18
2015-08-31,1.07,0.99,45.88
2015-09-01,1.06,0.99,31.31
2015-09-02,1,0.93,44.35
2015-09-03,0.98,0.94,45.28
2015-09-04,0.99,0.97,36.02
2015-09-08,0.97,0.98,54.6
2015-09-09,1,1.06,45.36
2015-09-10,0.95,1.07,49.22
2015-09-11,0.94,1.01,52.88
2015-09-14,1.02,1.05,49.05
2015-09-15,0.97,1.09,61.1
2015-09-16,0.96,1.11,67.51
2015-09-17,1,1.05,63.81
2015-09-18,0.96,0.98,43.62
2015-09-21,0.93,0.97,49.25
2015-09-22,0.96,1.05,36.75
2015-09-23,0.97,1.01,34.99
2015-09-24,1,1.03,31.88
2015-09-25,0.97,0.97,31.46
2015-09-28,1.05,1.1,15.14
2015-09-29,1.03,1.06,17.25
2015-09-30,0.99,1.05,46.77
2015-10-01,0.95,0.97,49.8
2015-10-02,0.93,0.92,64.49
2015-10-05,0.92,0.97,75.92
2015-10-06,0.9,0.94,70.52
2015-10-07,0.89,0.89,75.57
2015-10-08,0.87,0.89,80.32
2015-10-09,0.86,0.84,80.71
2015-10-12,0.84,0.91,81.46
2015-10-13,0.86,0.94,64.1
2015-10-14,0.87,0.94,53.71
2015-10-15,0.83,0.86,71.35
2015-10-16,0.81,0.86,74.99
2015-10-19,0.84,0.93,75.52
2015-10-20,0.85,0.95,70.88
2015-10-21,0.86,1,54.38
2015-10-22,0.84,0.91,74.79
2015-10-23,0.83,0.91,81.74
2015-10-26,0.85,0.99,76.52
2015-10-27,0.85,1.06,70.33
2015-10-28,0.82,1.02,80.11
2015-10-29,0.82,1,79.09
2015-10-30,0.82,0.95,65.69
2015-11-02,0.81,0.97,77.54
2015-11-03,0.83,0.95,79.68
2015-11-04,0.85,0.95,69.53
2015-11-05,0.85,0.94,65.95
2015-11-06,0.82,0.88,64.29
2015-11-09,0.88,0.99,39.1
2015-11-10,0.85,0.93,43.55
2015-11-11,0.87,0.97,36.31
2015-11-12,0.91,1,19.7
2015-11-13,0.93,1.02,13.6
2015-11-16,0.91,0.93,42.64
2015-11-17,0.92,0.9,41.13
2015-11-18,0.88,0.79,62.32
2015-11-19,0.87,0.8,60.35
2015-11-20,0.82,0.8,64.98
2015-11-23,0.84,0.9,62.36
2015-11-24,0.85,0.91,64.41
2015-11-25,0.84,0.94,63.95
2015-11-27,0.87,0.94,65.31
2015-11-30,0.87,1.03,48.44
2015-12-01,0.83,0.95,70.55
2015-12-02,0.87,1,44.94
2015-12-03,0.9,1.03,27.92
2015-12-04,0.82,0.92,56.32
2015-12-07,0.85,1.01,48.26
2015-12-08,0.88,1.07,41.17
2015-12-09,0.93,1.13,33.83
2015-12-10,0.93,1.06,37.81
2015-12-11,1,1.15,22.79
2015-12-14,0.98,1.13,31.05
2015-12-15,0.96,1.1,46.77
2015-12-16,0.91,1.05,61.84
2015-12-17,0.93,1,45.18
2015-12-18,0.97,0.94,32.25
2015-12-21,0.89,0.94,41.17
2015-12-22,0.84,0.91,50.48
2015-12-23,0.81,0.88,61.44
2015-12-24,0.8,0.86,59.34
2015-12-28,0.86,0.93,56.05
2015-12-29,0.84,0.92,67.02
2015-12-30,0.88,0.92,55.22
2015-12-31,0.92,0.96,42.77
2016-01-04,0.94,1.06,29.55
2016-01-05,0.94,1,32.76
2016-01-06,0.97,1,23.57
2016-01-07,1.02,1.05,14.41
2016-01-08,1.03,1.04,11.82
2016-01-11,0.98,1,13.33
2016-01-12,1,0.99,27.67
2016-01-13,1.01,1.01,16.7
2016-01-14,1.02,1.03,36.83
2016-01-15,1.01,1.1,26.33
2016-01-19,0.99,1.17,26.98
2016-01-20,0.99,1.19,21.9
2016-01-21,1,1.12,29.05
2016-01-22,0.92,1.01,51.67
2016-01-25,0.96,1.08,39.38
2016-01-26,0.97,1.08,52.1
2016-01-27,0.94,1.06,43.38
2016-01-28,0.93,1.04,48.6
2016-01-29,0.89,0.96,66.27
2016-02-01,0.91,0.98,66.53
2016-02-02,0.94,1.01,46.74
2016-02-03,0.93,1.03,51.44
2016-02-04,0.92,1,52.92
2016-02-05,0.96,0.98,35.13
2016-02-08,1,1.02,26.74
2016-02-09,0.99,1.01,26.37
2016-02-10,0.98,0.97,26.06
2016-02-11,1.02,0.97,18.59
2016-02-12,0.97,0.89,47.69
2016-02-16,0.96,0.9,62.09
2016-02-17,0.95,0.91,71.95
2016-02-18,0.93,0.9,65.84
2016-02-19,0.9,0.89,65.86
2016-02-22,0.9,0.95,75.8
2016-02-23,0.93,0.99,57.62
2016-02-24,0.93,1,61.58
2016-02-25,0.9,0.93,70.72
2016-02-26,0.91,0.94,67.24
2016-02-29,0.92,0.99,53.61
2016-03-01,0.87,0.96,73.23
2016-03-02,0.86,0.92,75.58
2016-03-03,0.86,0.95,77.64
2016-03-04,0.86,0.94,79.53
2016-03-07,0.87,1.02,80.21
2016-03-08,0.89,1.03,55.22
2016-03-09,0.88,1.02,61.57
2016-03-10,0.87,0.98,62.09
2016-03-11,0.85,0.92,78.51
2016-03-14,0.87,0.95,75.45
2016-03-15,0.87,0.98,70.18
2016-03-16,0.81,0.94,76.65
2016-03-17,0.8,0.9,82.02
2016-03-18,0.78,0.89,84.87
2016-03-21,0.78,0.93,85.65
2016-03-22,0.8,0.93,81.96
2016-03-23,0.82,0.89,57.04
2016-03-24,0.81,0.84,55.99
2016-03-28,0.83,0.92,57.62
2016-03-29,0.8,0.88,75.91
2016-03-30,0.8,0.88,80.91
2016-03-31,0.82,0.88,72.27
2016-04-01,0.79,0.83,80.65
2016-04-04,0.82,0.89,67.23
2016-04-05,0.84,0.91,41.3
2016-04-06,0.82,0.89,60.88
2016-04-07,0.86,0.94,41.26
2016-04-08,0.84,0.88,46.01
2016-04-11,0.86,0.96,41.79
2016-04-12,0.83,0.92,58.85
2016-04-13,0.8,0.9,70.43
2016-04-14,0.8,0.9,70.56
2016-04-15,0.79,0.9,67.51
2016-04-18,0.81,0.96,75.88
2016-04-19,0.8,0.97,79.03
2016-04-20,0.8,0.96,79.92
2016-04-21,0.81,0.94,60.31
2016-04-22,0.79,0.9,60.13
2016-04-25,0.82,0.97,52.88
2016-04-26,0.83,0.97,58.45
2016-04-27,0.82,0.93,64.92
2016-04-28,0.86,0.96,34.48
2016-04-29,0.85,0.94,26.27
2016-05-02,0.83,0.94,49.09
2016-05-03,0.84,0.97,33.96
2016-05-04,0.85,0.96,26.83
2016-05-05,0.84,0.97,26.46
2016-05-06,0.81,0.91,37.45
2016-05-09,0.81,0.95,40.12
2016-05-10,0.79,0.94,67.7
2016-05-11,0.82,0.94,46.86
2016-05-12,0.81,0.93,46.67
2016-05-13,0.82,0.94,32.6
2016-05-16,0.83,0.93,52.61
2016-05-17,0.84,0.97,38.58
2016-05-18,0.86,0.96,39.1
2016-05-19,0.87,0.94,33.72
2016-05-20,0.84,0.84,48.16
2016-05-23,0.87,0.86,44.38
2016-05-24,0.84,0.83,67.49
2016-05-25,0.83,0.82,74.37
2016-05-26,0.81,0.78,73.85
2016-05-27,0.8,0.74,78.18
2016-05-31,0.85,0.84,75.02
2016-06-01,0.85,0.82,76.55
2016-06-02,0.83,0.81,80.29
2016-06-03,0.82,0.75,66.78
2016-06-06,0.83,0.82,75.92
2016-06-07,0.84,0.82,78.1
2016-06-08,0.84,0.77,82.52
2016-06-09,0.85,0.84,73.03
2016-06-10,0.9,0.93,40.32
2016-06-13,0.96,1.09,27.06
2016-06-14,0.93,1.14,24.72
2016-06-15,0.92,1.12,22.66
2016-06-16,0.92,1.13,35.08
2016-06-17,0.91,1.13,28.65
2016-06-20,0.93,1.21,49.51
2016-06-21,0.94,1.22,56.55
2016-06-22,1,1.32,50.97
2016-06-23,0.94,1.22,75.46
2016-06-24,1.08,1.19,27.74
2016-06-27,1.01,1.05,20.05
2016-06-28,0.93,1.02,40.05
2016-06-29,0.89,0.96,54.08
2016-06-30,0.86,0.9,62.97
2016-07-01,0.84,0.8,64.27
2016-07-05,0.85,0.91,55.73
2016-07-06,0.84,0.88,60.65
2016-07-07,0.83,0.89,59.37
2016-07-08,0.8,0.87,72.59
2016-07-11,0.82,0.9,75.01
2016-07-12,0.84,0.9,79.52
2016-07-13,0.82,0.85,79.6
2016-07-14,0.81,0.85,83.14
2016-07-15,0.79,0.81,79.77
2016-07-18,0.79,0.88,82.02
2016-07-19,0.76,0.92,75.91
2016-07-20,0.76,0.89,81.16
2016-07-21,0.79,0.9,65.92
2016-07-22,0.76,0.85,73.41
2016-07-25,0.79,0.93,62.46
2016-07-26,0.8,0.92,63.03
2016-07-27,0.8,0.9,58.32
2016-07-28,0.8,0.93,63.27
2016-07-29,0.77,0.84,68.43
2016-08-01,0.79,0.89,59.87
2016-08-02,0.82,0.92,33.96
2016-08-03,0.8,0.88,47.37
2016-08-04,0.79,0.87,48.95
2016-08-05,0.75,0.81,72.74
2016-08-08,0.76,0.88,69.12
2016-08-09,0.77,0.9,70.18
2016-08-10,0.78,0.89,54.32
2016-08-11,0.76,0.83,68.84
2016-08-12,0.76,0.83,63.91
2016-08-15,0.77,0.82,71.87
2016-08-16,0.79,0.86,47.47
2016-08-17,0.79,0.88,53.53
2016-08-18,0.75,0.87,61
2016-08-19,0.75,0.83,54.04
2016-08-22,0.79,0.89,51.66
2016-08-23,0.8,0.92,60.64
2016-08-24,0.84,0.94,37.58
2016-08-25,0.85,0.94,33.17
2016-08-26,0.84,0.89,28.62
2016-08-29,0.81,0.86,54.47
2016-08-30,0.82,0.85,46.32
2016-08-31,0.83,0.87,37.82
2016-09-01,0.83,0.88,37.29
2016-09-02,0.77,0.76,58.41
2016-09-06,0.77,0.83,67.63
2016-09-07,0.77,0.82,67.19
2016-09-08,0.79,0.88,52.93
2016-09-09,0.93,1.07,13.77
2016-09-12,0.88,1.06,44.04
2016-09-13,0.94,1.1,30.33
2016-09-14,0.94,1.07,29.86
2016-09-15,0.9,1.04,46.95
2016-09-16,0.86,0.99,41.96
2016-09-19,0.87,1.05,42.08
2016-09-20,0.88,1.08,42.72
2016-09-21,0.8,0.96,63.46
2016-09-22,0.75,0.9,71.27
2016-09-23,0.77,0.93,57.93
2016-09-26,0.84,1.08,42.72
2016-09-27,0.8,0.98,53.73
2016-09-28,0.77,0.95,61.55
2016-09-29,0.83,1.05,44.73
2016-09-30,0.81,0.93,57.15
2016-10-03,0.83,0.96,51.1
2016-10-04,0.83,0.95,42.7
2016-10-05,0.8,0.93,51.47
2016-10-06,0.8,0.89,52.67
2016-10-07,0.82,0.85,44.65
2016-10-10,0.84,0.81,56.16
2016-10-11,0.91,0.87,33.01
2016-10-12,0.93,0.83,36.18
2016-10-13,0.95,0.84,31.45
2016-10-14,0.93,0.8,32.17
2016-10-17,0.93,0.85,26.55
2016-10-18,0.9,0.81,48.1
2016-10-19,0.88,0.83,54.35
2016-10-20,0.85,0.81,49.48
2016-10-21,0.83,0.8,49.03
2016-10-24,0.83,0.87,64.59
2016-10-25,0.85,0.88,49.82
2016-10-26,0.88,0.88,44.04
2016-10-27,0.91,0.95,35.27
2016-10-28,0.93,1.03,27.54
2016-10-31,0.96,1.18,27.37
2016-11-01,0.99,1.23,15.98
2016-11-02,1.01,1.25,10.77
2016-11-03,1.07,1.26,8.4
2016-11-04,1.07,1.28,7.65
2016-11-07,1.03,1.32,63.56
2016-11-08,1.04,1.35,67.8
2016-11-09,0.88,1.07,77.42
2016-11-10,0.88,0.96,79
2016-11-11,0.86,0.91,74.22
2016-11-14,0.87,0.86,74.45
2016-11-15,0.85,0.8,82.11
2016-11-16,0.85,0.69,75.76
2016-11-17,0.85,0.7,81.02
2016-11-18,0.83,0.67,71.11
2016-11-21,0.81,0.81,80.45
2016-11-22,0.81,0.82,82.46
2016-11-23,0.81,0.81,83.23
2016-11-25,0.8,0.85,87.03
2016-11-28,0.82,0.98,63.94
2016-11-29,0.81,0.98,66.52
2016-11-30,0.83,0.99,56.86
2016-12-01,0.84,0.99,43.3
2016-12-02,0.84,0.97,44.83
2016-12-05,0.77,0.94,64.17
2016-12-06,0.76,0.92,71.53
2016-12-07,0.79,0.96,85.54
2016-12-08,0.8,1.02,87
2016-12-09,0.77,0.94,90.2
2016-12-12,0.8,0.97,85.34
2016-12-13,0.81,0.96,89.53
2016-12-14,0.83,0.97,62.08
2016-12-15,0.81,0.93,67.92
2016-12-16,0.78,0.87,62.13
2016-12-19,0.76,0.85,66.09
2016-12-20,0.76,0.86,72.48
2016-12-21,0.75,0.83,62.72
2016-12-22,0.75,0.82,55.18
2016-12-23,0.75,0.78,58.86
2016-12-27,0.78,0.85,65.9
2016-12-28,0.81,0.87,37.17
2016-12-29,0.83,0.87,36.6
2016-12-30,0.85,0.9,27.36
2017-01-03,0.83,0.93,54.14
2017-01-04,0.8,0.9,65.79
2017-01-05,0.79,0.85,63.67
2017-01-06,0.78,0.81,70.68
2017-01-09,0.79,0.82,57.17
2017-01-10,0.78,0.77,56.95
2017-01-11,0.78,0.79,64.73
2017-01-12,0.79,0.81,54.94
2017-01-13,0.77,0.8,61.25
2017-01-17,0.8,0.91,47.5
2017-01-18,0.84,0.9,55.21
2017-01-19,0.85,0.9,40.15
2017-01-20,0.8,0.84,54.65
2017-01-23,0.81,0.93,44.53
2017-01-24,0.8,0.91,64.84
2017-01-25,0.79,0.93,77.6
2017-01-26,0.78,0.91,74.62
2017-01-27,0.77,0.88,69.89
2017-01-30,0.82,0.98,47.05
2017-01-31,0.83,0.98,44.68
2017-02-01,0.83,1.02,45.99
2017-02-02,0.82,0.94,48.91
2017-02-03,0.78,0.84,71.97
2017-02-06,0.8,0.89,62.02
2017-02-07,0.79,0.84,62.59
2017-02-08,0.79,0.84,65.2
2017-02-09,0.77,0.81,79.64
2017-02-10,0.78,0.83,84.63
2017-02-13,0.81,0.84,89.37
2017-02-14,0.81,0.83,91.77
2017-02-15,0.89,0.86,93.96
2017-02-16,0.86,0.85,89.16
2017-02-17,0.84,0.79,90.33
2017-02-21,0.82,0.88,93.68
2017-02-22,0.82,0.89,87.15
2017-02-23,0.79,0.87,87.62
2017-02-24,0.78,0.82,89.17
2017-02-27,0.81,0.9,90.45
2017-02-28,0.85,0.92,69.37
2017-03-01,0.84,0.84,88.13
2017-03-02,0.8,0.81,65.88
2017-03-03,0.77,0.78,66.53
2017-03-06,0.78,0.86,55.78
2017-03-07,0.79,0.89,45.99
2017-03-08,0.82,0.92,40.07
2017-03-09,0.83,0.96,43.73
2017-03-10,0.81,0.92,56.52
2017-03-13,0.79,0.95,57.74
2017-03-14,0.84,0.96,42.2
2017-03-15,0.82,0.93,67.97
2017-03-16,0.81,0.87,60.88
2017-03-17,0.81,0.88,55.78
2017-03-20,0.82,0.9,47.63
2017-03-21,0.85,1.14,22.35
2017-03-22,0.87,1.13,29.52
2017-03-23,0.88,1.15,27.84
2017-03-24,0.89,1.04,26.26
2017-03-27,0.88,0.97,24.06
2017-03-28,0.84,0.91,55.1
2017-03-29,0.85,0.88,58.34
2017-03-30,0.86,0.83,66.38
2017-03-31,0.91,0.78,56.35
2017-04-03,0.91,0.82,48.98
2017-04-04,0.88,0.81,51
2017-04-05,0.91,0.92,38.09
2017-04-06,0.91,0.83,48.72
2017-04-07,0.92,0.78,44.86
2017-04-10,0.96,0.74,48.79
2017-04-11,0.99,0.7,39.98
2017-04-12,1.03,0.69,25.51
2017-04-13,1.01,0.8,14.07
2017-04-17,0.99,0.92,49.67
2017-04-18,0.98,0.98,42.06
2017-04-19,0.99,1.09,37.87
2017-04-20,0.97,1.12,60.02
2017-04-21,0.99,1.17,51.08
2017-04-24,0.84,0.92,70.64
2017-04-25,0.84,0.91,77.3
2017-04-26,0.84,0.9,75.69
2017-04-27,0.81,0.89,76.45
2017-04-28,0.84,0.87,67.29
2017-05-01,0.8,0.94,71.48
2017-05-02,0.83,0.99,73.21
2017-05-03,0.82,1.01,65
2017-05-04,0.82,1.06,67.64
2017-05-05,0.82,1.08,78.35
2017-05-08,0.78,0.93,78.01
2017-05-09,0.78,0.93,69.91
2017-05-10,0.79,0.92,74.06
2017-05-11,0.81,0.98,56.41
2017-05-12,0.8,0.9,45.47
2017-05-15,0.82,0.88,68.23
2017-05-16,0.84,0.84,63.46
2017-05-17,1,1.29,19.44
2017-05-18,0.98,1.14,30.49
2017-05-19,0.89,0.91,48.34
2017-05-22,0.84,0.86,58.62
2017-05-23,0.83,0.87,62.18
2017-05-24,0.8,0.85,66.68
2017-05-25,0.8,0.81,73.85
2017-05-26,0.79,0.77,74.29
2017-05-30,0.81,0.87,68.53
2017-05-31,0.83,0.84,66.3
2017-06-01,0.8,0.86,80.82
2017-06-02,0.78,0.87,84.63
2017-06-05,0.78,0.96,80.5
2017-06-06,0.8,0.99,64.68
2017-06-07,0.79,0.97,68.82
2017-06-08,0.8,0.95,69.79
2017-06-09,0.83,0.97,62.39
2017-06-12,0.86,0.99,56.58
2017-06-13,0.82,0.9,73.89
2017-06-14,0.83,0.93,66.83
2017-06-15,0.84,0.93,51.68
2017-06-16,0.82,0.8,53.08
2017-06-19,0.84,0.82,78.86
2017-06-20,0.86,0.87,51.07
2017-06-21,0.84,0.89,49.47
2017-06-22,0.83,0.88,47.57
2017-06-23,0.81,0.84,54.07
2017-06-26,0.81,0.88,55.59
2017-06-27,0.85,0.95,27.45
2017-06-28,0.81,0.85,56.72
2017-06-29,0.87,0.99,37.63
2017-06-30,0.85,0.89,42.19
2017-07-03,0.84,0.91,48.72
2017-07-05,0.83,0.87,53.09
2017-07-06,0.89,0.92,31.71
2017-07-07,0.83,0.83,48.68
2017-07-10,0.83,0.89,51.65
2017-07-11,0.83,0.86,49.21
2017-07-12,0.81,0.78,66.79
2017-07-13,0.79,0.81,70.02
2017-07-14,0.78,0.79,77.04
2017-07-17,0.8,0.85,77.08
2017-07-18,0.81,0.85,78.03
2017-07-19,0.82,0.8,85.35
2017-07-20,0.8,0.8,85.7
2017-07-21,0.78,0.76,79.98
2017-07-24,0.78,0.81,76.14
2017-07-25,0.78,0.83,82.21
2017-07-26,0.79,0.84,82.68
2017-07-27,0.81,0.89,71.36
2017-07-28,0.82,0.83,58.11
2017-07-31,0.82,0.92,55.24
2017-08-01,0.81,0.89,68.23
2017-08-02,0.82,0.84,70.41
2017-08-03,0.82,0.89,49.15
2017-08-04,0.79,0.86,61.16
2017-08-07,0.78,0.85,70.36
2017-08-08,0.83,0.96,50.78
2017-08-09,0.82,0.96,48.06
2017-08-10,0.99,1.11,13.43
2017-08-11,0.95,1,20.1
2017-08-14,0.89,0.94,52.65
2017-08-15,0.87,0.86,52.11
2017-08-16,0.86,0.83,55.93
2017-08-17,0.96,1.01,26.12
2017-08-18,0.91,0.92,23.88
2017-08-21,0.88,0.95,28.04
2017-08-22,0.83,0.87,54.6
2017-08-23,0.85,0.91,47.12
2017-08-24,0.85,0.84,42.68
2017-08-25,0.81,0.8,47.94
2017-08-28,0.81,0.83,48.69
2017-08-29,0.83,0.84,52.45
2017-08-30,0.79,0.82,66.15
2017-08-31,0.77,0.82,77.12
2017-09-01,0.75,0.78,79.87
2017-09-05,0.84,0.93,50.92
2017-09-06,0.81,0.88,58.69
2017-09-07,0.81,0.84,57.82
2017-09-08,0.83,0.93,52.17
2017-09-11,0.77,0.84,75.46
2017-09-12,0.78,0.87,79.45
2017-09-13,0.79,0.89,80.35
2017-09-14,0.79,0.89,75.21
2017-09-15,0.78,0.82,78.17
2017-09-18,0.8,0.86,81.02
2017-09-19,0.8,0.89,82.99
2017-09-20,0.77,0.92,83.97
2017-09-21,0.76,0.87,60.72
2017-09-22,0.75,0.83,62.4
2017-09-25,0.78,0.9,48.29
2017-09-26,0.78,0.92,49.57
2017-09-27,0.76,0.91,70.07
2017-09-28,0.75,0.88,73.6
2017-09-29,0.76,0.84,82.59
2017-10-02,0.76,0.87,88.08
2017-10-03,0.77,0.85,90.26
2017-10-04,0.78,0.83,91.26
2017-10-05,0.75,0.85,94.71
2017-10-06,0.78,0.82,85.94
2017-10-09,0.81,0.9,73.61
2017-10-10,0.81,0.87,78.99
2017-10-11,0.8,0.84,82.1
2017-10-12,0.81,0.84,69.48
2017-10-13,0.8,0.84,72.87
2017-10-16,0.83,0.85,77.53
2017-10-17,0.86,0.84,79.37
2017-10-18,0.84,0.83,81.72
2017-10-19,0.84,0.88,82.72
2017-10-20,0.84,0.84,91.48
2017-10-23,0.88,0.97,62.23
2017-10-24,0.88,0.94,67.47
2017-10-25,0.87,0.99,43.68
2017-10-26,0.87,0.95,49.74
2017-10-27,0.8,0.88,72.47
2017-10-30,0.84,0.93,59.24
2017-10-31,0.82,0.92,62.13
2017-11-01,0.81,0.91,66.48
2017-11-02,0.78,0.86,66.98
2017-11-03,0.74,0.86,75.76
2017-11-06,0.75,0.86,78.83
2017-11-07,0.78,0.89,76.14
2017-11-08,0.76,0.85,80.4
2017-11-09,0.8,0.92,51.55
2017-11-10,0.83,0.91,47.09
2017-11-13,0.84,0.86,53.04
2017-11-14,0.83,0.84,39.63
2017-11-15,0.9,0.89,22.75
2017-11-16,0.84,0.74,56.77
2017-11-17,0.83,0.74,48.13
2017-11-20,0.8,0.81,52.59
2017-11-21,0.78,0.82,69.42
2017-11-22,0.79,0.8,65.86
2017-11-24,0.78,0.81,70.86
2017-11-27,0.79,0.91,68.62
2017-11-28,0.82,0.92,84.49
2017-11-29,0.83,0.95,82.06
2017-11-30,0.87,1.01,89.05
2017-12-01,0.86,1.05,79.31
2017-12-04,0.86,1.05,74.81
2017-12-05,0.84,0.98,57.57
2017-12-06,0.82,0.99,57.74
2017-12-07,0.79,0.94,66.65
2017-12-08,0.77,0.88,77.82
2017-12-11,0.76,0.94,82.33
2017-12-12,0.79,0.93,84.48
2017-12-13,0.81,0.92,81.22
2017-12-14,0.82,0.94,56.86
2017-12-15,0.78,0.88,75.68
2017-12-18,0.79,0.84,82.28
2017-12-19,0.8,0.9,67.99
2017-12-20,0.79,0.86,65.82
2017-12-21,0.78,0.79,70.3
2017-12-22,0.79,0.76,67.39
2017-12-26,0.81,0.83,60.65
2017-12-27,0.83,0.93,63.18
2017-12-28,0.8,0.91,69.9
2017-12-29,0.84,0.94,44.67
2018-01-02,0.77,0.87,69.05
2018-01-03,0.74,0.86,78.38
2018-01-04,0.75,0.84,83.07
2018-01-05,0.76,0.84,88.21
2018-01-08,0.78,0.83,89.16
2018-01-09,0.81,0.83,90.07
2018-01-10,0.79,0.8,81.96
2018-01-11,0.81,0.79,88.57
2018-01-12,0.83,0.85,92.05
2018-01-16,0.88,0.96,77.86
2018-01-17,0.9,0.98,85.72
2018-01-18,0.9,1.01,79.86
2018-01-19,0.86,0.92,83.79
2018-01-22,0.85,0.98,88.9
2018-01-23,0.84,0.99,90.14
2018-01-24,0.85,1,87.78
2018-01-25,0.85,1,88.06
2018-01-26,0.82,0.94,93.84
2018-01-29,0.92,1.08,69.6
2018-01-30,0.93,1.1,45.45
2018-01-31,0.91,1.02,47.23
2018-02-01,0.92,1.03,45.07
2018-02-02,1.02,1.09,20.19
2018-02-05,1.33,1.59,8.84
2018-02-06,1.26,1.32,29.23
2018-02-07,1.2,1.18,27.05
2018-02-08,1.22,1.24,15.85
2018-02-09,1.17,1.09,29.46
2018-02-12,1.12,1.05,41.29
2018-02-13,1.1,1.01,43.63
2018-02-14,1,0.97,54.46
2018-02-15,1,0.97,62.68
2018-02-16,1.02,0.96,62.91
2018-02-20,1.03,1,55.26
2018-02-21,1,1,48.69
2018-02-22,0.98,0.97,49.72
2018-02-23,0.94,0.91,67.72
2018-02-26,0.93,0.96,75.74
2018-02-27,0.98,0.97,56.55
2018-02-28,1,0.97,44.38
2018-03-01,1.05,1.06,33.55
2018-03-02,0.99,0.96,40.17
2018-03-05,0.98,0.97,53.45
2018-03-06,0.95,0.94,56.27
2018-03-07,0.94,0.94,55.52
2018-03-08,0.91,0.96,61.48
2018-03-09,0.86,0.92,77.08
2018-03-12,0.89,0.97,75.03
2018-03-13,0.91,0.94,60.6
2018-03-14,0.92,1,50.38
2018-03-15,0.91,0.96,49.08
2018-03-16,0.89,0.94,51.4
2018-03-19,0.98,1.15,29.52
2018-03-20,0.96,1.08,33.13
2018-03-21,0.95,1.04,30.79
2018-03-22,1.08,1.13,13.12
2018-03-23,1.09,1.13,8.37
2018-03-26,1.02,1.06,41.99
2018-03-27,1.03,1.02,32.29
2018-03-28,1.03,1.09,30.69
2018-03-29,0.97,1.03,45.83
2018-04-02,1.05,1.16,31.64
2018-04-03,1,1.11,43.79
2018-04-04,0.98,1.09,52.8
2018-04-05,0.97,1.05,58.1
2018-04-06,1.01,1.07,40.3
2018-04-09,1.03,1.09,43.61
2018-04-10,1,1.02,57.85
2018-04-11,0.99,1.01,52.31
2018-04-12,0.96,0.96,59.63
2018-04-13,0.94,0.94,55.78
2018-04-16,0.93,1,63.6
2018-04-17,0.91,1.01,71.96
2018-04-18,0.93,0.94,72.62
2018-04-19,0.93,0.97,61
2018-04-20,0.95,0.96,46.91
2018-04-23,0.94,1.01,47.05
2018-04-24,0.99,1.06,30.25
2018-04-25,0.98,1.05,34.6
2018-04-26,0.94,0.99,53.35
2018-04-27,0.9,0.94,54.99
2018-04-30,0.92,1.03,41.31
2018-05-01,0.92,1.01,45.98
2018-05-02,0.93,1.04,34.84
2018-05-03,0.93,0.99,31.78
2018-05-04,0.89,0.94,57.96
2018-05-07,0.89,0.96,62.64
2018-05-08,0.89,0.95,61.73
2018-05-09,0.85,0.9,74.44
2018-05-10,0.87,0.94,81.81
2018-05-11,0.85,0.89,82.92
2018-05-14,0.89,0.92,83.64
2018-05-15,0.93,0.98,60.28
2018-05-16,0.89,0.92,67
2018-05-17,0.89,0.9,64.76
2018-05-18,0.88,0.86,55.62
2018-05-21,0.89,0.87,70.02
2018-05-22,0.89,0.83,59.71
2018-05-23,0.87,0.8,66.12
2018-05-24,0.87,0.82,58.53
2018-05-25,0.89,0.87,50.3
2018-05-29,0.99,1.01,27.13
2018-05-30,0.93,0.89,55.34
2018-05-31,0.94,0.92,44.08
2018-06-01,0.88,0.85,59.97
2018-06-04,0.86,0.94,65.46
2018-06-05,0.84,0.94,66.36
2018-06-06,0.82,0.95,75.64
2018-06-07,0.84,0.98,73.38
2018-06-08,0.83,0.95,76.94
2018-06-11,0.85,1.01,78.23
2018-06-12,0.85,0.97,80.67
2018-06-13,0.87,0.98,62.46
2018-06-14,0.84,0.91,68.32
2018-06-15,0.83,0.9,62.24
2018-06-18,0.85,0.95,53.7
2018-06-19,0.88,0.97,39.52
2018-06-20,0.86,0.95,46.86
2018-06-21,0.92,0.99,29.72
2018-06-22,0.89,0.88,36.84
2018-06-25,0.99,1.02,17.74
2018-06-26,0.94,0.95,25.74
2018-06-27,0.99,1,17.57
2018-06-28,0.96,0.94,36.07
2018-06-29,0.94,0.93,38.54
2018-07-02,0.92,0.92,46.33
2018-07-03,0.93,0.94,36.77
2018-07-05,0.91,0.94,57.06
2018-07-06,0.85,0.86,69.64
2018-07-09,0.85,0.85,78.18
2018-07-10,0.86,0.84,80.72
2018-07-11,0.89,0.87,61.93
2018-07-12,0.85,0.84,72.1
2018-07-13,0.84,0.83,73.23
2018-07-16,0.86,0.9,69.13
2018-07-17,0.84,0.88,74.95
2018-07-18,0.84,0.83,77.55
2018-07-19,0.86,0.87,61.72
2018-07-20,0.85,0.86,58.81
2018-07-23,0.85,0.9,63.5
2018-07-24,0.84,0.9,73.65
2018-07-25,0.84,0.92,84.3
2018-07-26,0.84,0.91,72.21
2018-07-27,0.87,0.89,51.83
2018-07-30,0.91,0.95,39.73
2018-07-31,0.86,0.91,51.89
2018-08-01,0.86,0.93,49.13
2018-08-02,0.83,0.86,60.97
2018-08-03,0.8,0.82,68.92
2018-08-06,0.79,0.86,74.34
2018-08-07,0.78,0.84,78.13
2018-08-08,0.78,0.82,76.49
2018-08-09,0.8,0.84,69.88
2018-08-10,0.86,0.99,42.29
2018-08-13,0.91,1.04,33.31
2018-08-14,0.87,0.95,53.04
2018-08-15,0.9,1.03,36.59
2018-08-16,0.87,0.96,54.72
2018-08-17,0.83,0.92,60.42
2018-08-20,0.83,0.91,64.8
2018-08-21,0.85,0.9,68.57
2018-08-22,0.81,0.88,67.19
2018-08-23,0.82,0.87,59.18
2018-08-24,0.81,0.85,72.9
2018-08-27,0.82,0.84,82.32
2018-08-28,0.83,0.82,82.55
2018-08-29,0.82,0.8,87.54
2018-08-30,0.87,0.85,68.4
2018-08-31,0.85,0.86,68.21
2018-09-04,0.85,0.91,61.34
2018-09-05,0.87,0.91,49.09
2018-09-06,0.9,0.92,37.77
2018-09-07,0.9,0.91,32.36
2018-09-10,0.88,0.89,41.85
2018-09-11,0.85,0.83,56.62
2018-09-12,0.86,0.81,57.77
2018-09-13,0.84,0.81,72.71
2018-09-14,0.84,0.82,73.3
2018-09-17,0.9,0.99,46.66
2018-09-18,0.85,0.92,63.55
2018-09-19,0.8,0.97,66.33
2018-09-20,0.81,0.94,79.74
2018-09-21,0.8,0.91,76.6
2018-09-24,0.83,0.95,61.12
2018-09-25,0.83,0.95,55.61
2018-09-26,0.85,0.99,43.82
2018-09-27,0.83,0.97,54.09
2018-09-28,0.82,0.92,53.8
2018-10-01,0.81,0.93,66.99
2018-10-02,0.81,0.92,63.39
2018-10-03,0.79,0.93,65.77
2018-10-04,0.9,1.08,31.41
2018-10-05,0.91,1,21.94
2018-10-08,0.95,0.95,21.94
2018-10-09,0.96,0.9,19.47
2018-10-10,1.11,1.13,4.76
2018-10-11,1.16,1.18,3.01
2018-10-12,1.07,1.07,25.52
2018-10-15,1.05,1.12,22.79
2018-10-16,0.98,1.01,48.72
2018-10-17,0.96,1.02,48.29
2018-10-18,1.01,1.11,35.69
2018-10-19,1,1.06,35.3
2018-10-22,0.99,1.05,31.66
2018-10-23,1.02,1.13,27.23
2018-10-24,1.12,1.26,13.41
2018-10-25,1.08,1.22,37.21
2018-10-26,1.07,1.24,28.09
2018-10-29,1.07,1.26,25.47
2018-10-30,1.05,1.24,42.47
2018-10-31,1,1.19,51.88
2018-11-01,0.96,1.11,60.26
2018-11-02,0.96,1.09,52.69
2018-11-05,0.99,1.08,58.37
2018-11-06,1.02,1.09,64.07
2018-11-07,0.93,0.95,77.01
2018-11-08,0.95,0.93,73.04
2018-11-09,0.94,0.9,58.93
2018-11-12,1.01,1.01,39.16
2018-11-13,0.99,0.97,38.11
2018-11-14,1,1.01,31.92
2018-11-15,0.98,0.98,46.83
2018-11-16,0.94,0.9,50.01
2018-11-19,0.97,1.02,32.79
2018-11-20,1.01,1.05,22.66
2018-11-21,0.98,0.95,27.44
2018-11-23,0.99,1,23.6
2018-11-26,0.94,1.06,45.8
2018-11-27,0.95,1.12,49.79
2018-11-28,0.96,1.19,69.26
2018-11-29,0.96,1.18,66.06
2018-11-30,0.96,1.19,71.69
2018-12-03,0.92,1.05,78.36
2018-12-04,1,1.21,42.57
2018-12-06,1.01,1.18,41.15
2018-12-07,1.04,1.18,27.84
2018-12-10,1.03,1.13,30.04
2018-12-11,1,1.08,29.86
2018-12-12,0.99,1.07,38.57
2018-12-13,0.97,1,38.01
2018-12-14,0.98,0.99,22.89
2018-12-17,1.05,1.1,14.92
2018-12-18,1.07,1.11,14.9
2018-12-19,1.06,1.04,10.65
2018-12-20,1.12,1.07,7.88
2018-12-21,1.15,1.12,5.53
2018-12-24,1.25,1.18,3.75
2018-12-26,1.18,1.14,43.96
2018-12-27,1.16,1.13,48.82
2018-12-28,1.12,1.09,48
2018-12-31,1.07,1.08,54.24
2019-01-02,1.02,0.99,55.2
2019-01-03,1.06,1.06,36.07
2019-01-04,0.98,0.99,59.69
2019-01-07,0.99,1.01,63.24
2019-01-08,0.97,1,68.21
2019-01-09,0.97,0.96,70.34
2019-01-10,0.95,0.92,72.88
2019-01-11,0.92,0.89,72.2
2019-01-14,0.96,0.92,62.73
2019-01-15,0.97,0.91,72.18
2019-01-16,0.97,0.88,73.82
2019-01-17,0.94,0.87,79.35
2019-01-18,0.94,0.86,85.85
2019-01-22,1.01,1.04,60.65
2019-01-23,0.97,0.99,62.43
2019-01-24,0.96,0.96,63.89
2019-01-25,0.93,0.94,72.55
2019-01-28,0.96,1.03,56.97
2019-01-29,0.98,1.04,54.02
2019-01-30,0.94,0.98,72.13
2019-01-31,0.93,0.94,78.25
2019-02-01,0.92,0.88,78.62
2019-02-04,0.92,0.86,83.08
2019-02-05,0.91,0.87,85.64
2019-02-06,0.91,0.83,78.93
2019-02-07,0.94,0.91,54.87
2019-02-08,0.91,0.87,56.01
2019-02-11,0.93,0.92,57.62
2019-02-12,0.92,0.87,75.79
2019-02-13,0.92,0.86,78.65
2019-02-14,0.94,0.87,70.05
2019-02-15,0.9,0.82,81.06
2019-02-19,0.9,0.9,82.18
2019-02-20,0.89,0.9,83.76
2019-02-21,0.89,0.91,69.1
2019-02-22,0.87,0.85,77.53
2019-02-25,0.93,0.95,78.72
2019-02-26,0.93,0.94,75.73
2019-02-27,0.92,0.89,73.39
2019-02-28,0.92,0.89,57.86
2019-03-01,0.88,0.83,74.1
2019-03-04,0.91,0.92,59.01
2019-03-05,0.91,0.91,54.06
2019-03-06,0.94,0.95,35.58
2019-03-07,0.96,0.97,23.18
2019-03-08,0.94,0.91,20.93
2019-03-11,0.9,0.94,57.76
2019-03-12,0.88,0.92,62.19
2019-03-13,0.87,0.93,71.15
2019-03-14,0.88,0.93,68.83
2019-03-15,0.86,0.87,75.13
2019-03-18,0.86,0.96,79.26
2019-03-19,0.87,1,79.45
2019-03-20,0.88,0.97,65.12
2019-03-21,0.88,0.96,80.17
2019-03-22,0.95,1.02,41.23
2019-03-25,0.94,1,40.08
2019-03-26,0.89,0.95,52.83
2019-03-27,0.9,0.97,44.95
2019-03-28,0.89,0.95,51.81
2019-03-29,0.87,0.9,63.07
2019-04-01,0.87,0.9,74.95
2019-04-02,0.86,0.89,75.18
2019-04-03,0.88,0.89,77.36
2019-04-04,0.88,0.85,79.53
2019-04-05,0.85,0.79,83.92
2019-04-08,0.86,0.81,84.81
2019-04-09,0.89,0.82,60.3
2019-04-10,0.86,0.76,67.14
2019-04-11,0.85,0.81,66.85
2019-04-12,0.83,0.81,78.09
2019-04-15,0.85,0.86,74.85
2019-04-16,0.84,0.88,75.88
2019-04-17,0.85,0.87,62.8
2019-04-18,0.83,0.82,67.54
2019-04-22,0.84,0.94,70.81
2019-04-23,0.84,0.95,85.61
2019-04-24,0.87,0.95,74.05
2019-04-25,0.87,0.93,71.9
2019-04-26,0.85,0.93,80.53
2019-04-29,0.86,0.95,82.05
2019-04-30,0.86,0.95,83.48
2019-05-01,0.91,1.01,45.83
2019-05-02,0.9,0.97,39.81
2019-05-03,0.85,0.85,66.02
2019-05-06,0.94,1,52.76
2019-05-07,1.03,1.07,27.01
2019-05-08,1.03,1.1,25.58
2019-05-09,1.04,1.14,22.45
2019-05-10,0.95,1.03,34.6
2019-05-13,1.04,1.11,15.7
2019-05-14,0.99,1.04,30.93
2019-05-15,0.94,0.99,40.93
2019-05-16,0.91,0.98,53.24
2019-05-17,0.94,1.02,45.28
2019-05-20,0.94,1.03,37.25
2019-05-21,0.91,0.97,50.9
2019-05-22,0.9,0.94,46.72
2019-05-23,0.96,1.03,32.44
2019-05-24,0.93,0.97,35.19
2019-05-28,0.98,1.03,26.53
2019-05-29,0.98,1.02,21.36
2019-05-30,0.96,0.99,26.71
2019-05-31,0.99,1.02,17.24
2019-06-03,1,1.02,15.55
2019-06-04,0.96,0.98,53.63
2019-06-05,0.94,0.93,61.71
2019-06-06,0.94,0.93,67.26
2019-06-07,0.95,0.92,74.86
2019-06-10,0.94,0.96,77.87
2019-06-11,0.94,0.95,77.18
2019-06-12,0.93,0.92,71.56
2019-06-13,0.94,0.92,76.17
2019-06-14,0.92,0.89,69.89
2019-06-17,0.92,0.98,71.1
2019-06-18,0.92,1.01,82.42
2019-06-19,0.89,0.97,84.73
2019-06-20,0.91,1,89.95
2019-06-21,0.92,0.96,84.89
2019-06-24,0.93,1.04,77.52
2019-06-25,0.95,1.04,49.33
2019-06-26,0.95,1.04,46.3
2019-06-27,0.94,1.03,55.92
2019-06-28,0.94,1.04,66.45
2019-07-01,0.91,0.89,76.54
2019-07-02,0.88,0.81,79.63
2019-07-03,0.87,0.79,85.5
2019-07-05,0.89,0.8,79.06
2019-07-08,0.9,0.8,62.48
2019-07-09,0.9,0.79,64.86
2019-07-10,0.86,0.76,72.4
2019-07-11,0.86,0.78,75.85
2019-07-12,0.84,0.8,81.64
2019-07-15,0.84,0.87,81.82
2019-07-16,0.84,0.91,63.84
2019-07-17,0.88,0.96,42.8
2019-07-18,0.87,0.94,53.38
2019-07-19,0.91,0.94,37.93
2019-07-22,0.87,1.01,46.54
2019-07-23,0.84,1.02,62.86
2019-07-24,0.83,1.01,70.42
2019-07-25,0.85,0.98,54.59
2019-07-26,0.83,0.95,67.47
2019-07-29,0.86,0.99,62.62
2019-07-30,0.89,1.04,54.95
2019-07-31,0.95,1.14,32.95
2019-08-01,0.99,1.08,23.3
2019-08-02,0.98,1,18.07
2019-08-05,1.12,1.19,8.42
2019-08-06,1.02,1.08,28.54
2019-08-07,1,1.07,29.87
2019-08-08,0.95,0.99,53.18
2019-08-09,0.97,0.99,46.12
2019-08-12,1.03,1.06,35.61
2019-08-13,0.95,1,52.3
2019-08-14,1.04,1.1,31.99
2019-08-15,1.01,1.06,34.62
2019-08-16,0.94,0.99,48.9
2019-08-19,0.92,1.02,58.34
2019-08-20,0.93,1.05,50.95
2019-08-21,0.89,1.02,58.1
2019-08-22,0.91,1,57.19
2019-08-23,0.98,1.08,33.35
2019-08-26,0.97,1.03,45.09
2019-08-27,0.98,1.02,42.09
2019-08-28,0.97,0.99,50.07
2019-08-29,0.94,0.94,62.52
2019-08-30,0.97,0.98,62.71
2019-09-03,0.98,0.97,52.46
2019-09-04,0.92,0.9,64.63
2019-09-05,0.9,0.9,74.61
2019-09-06,0.86,0.83,75.47
2019-09-09,0.87,0.89,74.87
2019-09-10,0.87,0.91,74.9
2019-09-11,0.85,0.9,81.65
2019-09-12,0.85,0.92,84.12
2019-09-13,0.82,0.92,79.93
2019-09-16,0.85,1,67.68
2019-09-17,0.84,1.01,72.26
2019-09-18,0.83,1.01,72.54
2019-09-19,0.84,0.94,72.56
2019-09-20,0.87,0.96,47.2
2019-09-23,0.83,0.66,48.5
2019-09-24,0.92,1.04,26
2019-09-25,0.89,0.96,47.86
2019-09-26,0.89,0.95,41.58
2019-09-27,0.92,0.97,30.65
2019-09-30,0.9,0.94,47.46
2019-10-01,0.96,1.02,27.06
2019-10-02,0.99,1.06,15.74
2019-10-03,0.97,1.02,31.69
2019-10-04,0.92,0.95,51.93
2019-10-07,0.94,0.99,46.27
2019-10-08,0.99,1,31.61
2019-10-09,0.96,0.98,44.55
2019-10-10,0.94,1.01,52.26
2019-10-11,0.89,0.98,63.33
2019-10-14,0.85,0.96,61.22
2019-10-15,0.82,0.91,70.85
2019-10-16,0.83,0.87,67
2019-10-17,0.84,0.86,69.85
2019-10-18,0.86,0.87,60.01
2019-10-21,0.86,0.9,69.36
2019-10-22,0.87,0.92,60.38
2019-10-23,0.86,0.88,64.91
2019-10-24,0.84,0.87,67.92
2019-10-25,0.81,0.82,73.94
2019-10-28,0.82,0.89,80.67
2019-10-29,0.82,0.89,76.73
2019-10-30,0.79,0.87,81.3
2019-10-31,0.82,0.88,67.31
2019-11-01,0.8,0.8,80.3
2019-11-04,0.82,0.86,83.59
2019-11-05,0.82,0.84,78.57
2019-11-06,0.8,0.75,79.46
2019-11-07,0.81,0.8,83.13
2019-11-08,0.78,0.77,85.77
2019-11-11,0.81,0.84,74.15
2019-11-12,0.82,0.85,77.54
2019-11-13,0.83,0.84,78.99
2019-11-14,0.84,0.86,81.1
2019-11-15,0.8,0.8,90.39
2019-11-18,0.82,0.82,90.87
2019-11-19,0.83,0.8,86.7
2019-11-20,0.82,0.8,58.71
2019-11-21,0.83,0.8,52.13
2019-11-22,0.8,0.75,60.88
2019-11-25,0.79,0.82,78.85
2019-11-26,0.78,0.82,82.37
2019-11-27,0.79,0.84,86.72
2019-11-29,0.81,0.9,65.94
2019-12-02,0.89,1.03,41.3
2019-12-03,0.91,1.06,29.55
2019-12-04,0.87,1.01,46.48
2019-12-05,0.87,0.96,50.44
2019-12-06,0.84,0.94,66.75
2019-12-09,0.92,1.08,58.08
2019-12-10,0.92,1.04,55.48
2019-12-11,0.89,1.02,61.91
2019-12-12,0.87,1.05,75.47
2019-12-13,0.83,0.98,75.67
2019-12-16,0.81,0.96,83.5
2019-12-17,0.81,0.91,83.64
2019-12-18,0.83,0.82,83.67
2019-12-19,0.83,0.75,87.98
2019-12-20,0.82,0.74,91.28
2019-12-23,0.81,0.78,91.93
2019-12-24,0.82,0.75,90.26
2019-12-26,0.82,0.79,93.62
2019-12-27,0.84,0.82,93.49
2019-12-30,0.89,0.93,59.22
2019-12-31,0.87,0.96,66.59
2020-01-02,0.82,0.85,80.55
2020-01-03,0.88,0.91,56.18
2020-01-06,0.87,0.9,63.13
2020-01-07,0.87,0.89,54.11
2020-01-08,0.87,0.91,64.8
2020-01-09,0.84,0.87,74.74
2020-01-10,0.84,0.84,65.06
2020-01-13,0.84,0.82,75.03
2020-01-14,0.85,0.82,69.59
2020-01-15,0.85,0.78,72.8
2020-01-16,0.85,0.79,82.62
2020-01-17,0.84,0.75,85.58
2020-01-21,0.86,0.89,75.07
2020-01-22,0.86,0.85,75.49
2020-01-23,0.87,0.88,77.68
2020-01-24,0.91,1.01,43.07
2020-01-27,1,1.17,22.15
2020-01-28,0.96,1.13,43.64
2020-01-29,0.96,1.11,42.52
2020-01-30,0.93,1.06,49.1
2020-01-31,1.01,1.15,26.74
2020-02-03,1,1.07,40.47
2020-02-04,0.96,0.99,59.94
2020-02-05,0.94,0.9,69.3
2020-02-06,0.94,0.87,71.69
2020-02-07,0.95,0.89,61.6
2020-02-10,0.93,0.86,69
2020-02-11,0.94,0.86,70.68
2020-02-12,0.89,0.79,76.58
2020-02-13,0.9,0.84,72.13
2020-02-14,0.88,0.8,74.16
2020-02-18,0.92,0.88,64.31
2020-02-19,0.91,0.83,72.06
2020-02-20,0.94,0.89,58.9
2020-02-21,0.97,0.92,36.63
2020-02-24,1.14,1.27,14.62
2020-02-25,1.17,1.31,8.88
2020-02-26,1.16,1.26,8.31
2020-02-27,1.31,1.4,4.56
2020-02-28,1.34,1.32,4.16
2020-03-02,1.21,1.26,41.27
2020-03-03,1.22,1.29,31.37
2020-03-04,1.16,1.16,52.11
2020-03-05,1.22,1.23,39.78
2020-03-06,1.18,1.16,34.62
2020-03-09,1.27,1.29,20.37
2020-03-10,1.2,1.21,39.24
2020-03-11,1.21,1.27,30.12
2020-03-12,1.32,1.37,19.54
2020-03-13,1.2,1.21,42.01
2020-03-16,1.22,1.29,28.14
2020-03-17,1.16,1.22,39.2
2020-03-18,1.05,1.27,33.68
2020-03-19,1.04,1.26,34.01
2020-03-20,1.01,1.26,28.6
2020-03-23,1.09,1.28,25.35
2020-03-24,1.18,1.27,48.14
2020-03-25,1.19,1.27,50.7
2020-03-26,1.23,1.21,62.85
2020-03-27,1.18,1.1,53.41
2020-03-30,1.11,1.1,60.67
2020-03-31,1.11,1.12,55.58
2020-04-01,1.12,1.07,42.89
2020-04-02,1.08,1.04,49.68
2020-04-03,1.04,1,45.06
2020-04-06,1.05,1.04,64.34
2020-04-07,1.08,1.04,63.79
2020-04-08,1.04,0.98,71.84
2020-04-09,1.03,0.97,74.95
2020-04-13,1.03,1.01,68.45
2020-04-14,1.04,1.03,76.24
2020-04-15,1.04,1.02,62.21
2020-04-16,1.02,1.01,64.27
2020-04-17,1.02,0.95,73.09
2020-04-20,1.07,1,60.42
2020-04-21,1.05,1,44.12
2020-04-22,1.03,0.96,54.9
2020-04-23,1.01,0.95,54.76
2020-04-24,0.95,0.88,62.06
2020-04-27,0.94,0.94,68.89
2020-04-28,0.95,0.97,63.73
2020-04-29,0.94,0.95,75.24
2020-04-30,0.97,0.96,65.21
2020-05-01,0.98,0.96,45.28
2020-05-04,0.97,0.99,48.1
2020-05-05,0.95,0.99,54.67
2020-05-06,0.96,1,48.53
2020-05-07,0.92,0.95,58.18
2020-05-08,0.88,0.89,68.9
2020-05-11,0.91,0.95,69.02
2020-05-12,0.96,1.01,46.08
2020-05-13,0.97,0.98,34.32
2020-05-14,0.93,0.97,45.7
2020-05-15,0.92,0.93,49.49
2020-05-18,0.92,0.94,70.04
2020-05-19,0.93,0.92,59.68
2020-05-20,0.9,0.89,68.98
2020-05-21,0.91,0.89,60.96
2020-05-22,0.89,0.83,62.51
2020-05-26,0.91,0.91,70.8
2020-05-27,0.91,0.91,78.08
2020-05-28,0.92,0.91,74.94
2020-05-29,0.91,0.89,77.8
2020-06-01,0.91,0.96,79.9
2020-06-02,0.9,0.93,84.16
2020-06-03,0.89,0.93,89.01
2020-06-04,0.89,0.91,81.28
2020-06-05,0.89,0.92,89.9
2020-06-08,0.92,0.98,92.07
2020-06-09,0.93,0.98,78.28
2020-06-10,0.93,0.98,69.16
2020-06-11,1.01,1.03,27.42
2020-06-12,0.95,1.01,37.17
2020-06-15,0.94,1.05,43.71
2020-06-16,0.94,1.05,56.33
2020-06-17,0.94,1.02,53.08
2020-06-18,0.94,0.97,53.55
2020-06-19,0.96,0.97,47.68
2020-06-22,0.94,0.98,54.75
2020-06-23,0.95,0.97,59.39
2020-06-24,0.96,0.98,33.69
2020-06-25,0.95,0.96,45.9
2020-06-26,0.97,0.96,30.47
2020-06-29,0.94,0.96,44.42
2020-06-30,0.94,0.96,55.88
2020-07-01,0.9,0.88,59.46
2020-07-02,0.9,0.82,62.76
2020-07-06,0.9,0.9,72.77
2020-07-07,0.92,0.91,59.13
2020-07-08,0.9,0.84,64.92
2020-07-09,0.91,0.87,57.35
2020-07-10,0.88,0.83,66.35
2020-07-13,0.93,0.94,53.78
2020-07-14,0.91,0.94,65.48
2020-07-15,0.88,0.91,71.55
2020-07-16,0.89,0.92,65.84
2020-07-17,0.85,0.86,68.39
2020-07-20,0.84,0.92,75.23
2020-07-21,0.84,0.94,76.68
2020-07-22,0.84,0.89,80.75
2020-07-23,0.86,0.92,54.46
2020-07-24,0.85,0.88,45.26
2020-07-27,0.82,0.9,56.19
2020-07-28,0.85,0.93,45.97
2020-07-29,0.82,0.91,62.48
2020-07-30,0.83,0.92,55.97
2020-07-31,0.82,0.84,65.07
2020-08-03,0.82,0.86,71.9
2020-08-04,0.82,0.86,75.12
2020-08-05,0.8,0.83,80.07
2020-08-06,0.8,0.86,84.06
2020-08-07,0.79,0.81,84.47
2020-08-10,0.79,0.85,86.25
2020-08-11,0.82,0.91,60.84
2020-08-12,0.79,0.85,76.09
2020-08-13,0.79,0.84,71.15
2020-08-14,0.78,0.81,70.41
2020-08-17,0.78,0.82,74.35
2020-08-18,0.79,0.83,77.09
2020-08-19,0.8,0.85,61.14
2020-08-20,0.81,0.83,67.03
2020-08-21,0.8,0.8,73.47
2020-08-24,0.8,0.84,84.19
2020-08-25,0.79,0.82,86.46
2020-08-26,0.81,0.86,91.3
2020-08-27,0.82,0.83,91.87
2020-08-28,0.78,0.75,93.95
2020-08-31,0.83,0.8,85.2
2020-09-01,0.81,0.75,89.58
2020-09-02,0.81,0.78,93.95
2020-09-03,0.89,0.91,42.05
2020-09-04,0.88,0.96,36.2
2020-09-08,0.92,1.05,23.08
2020-09-09,0.9,1.01,41.77
2020-09-10,0.9,1.02,32.77
2020-09-11,0.86,0.98,33.73
2020-09-14,0.85,0.97,45.9
2020-09-15,0.85,0.95,50.86
2020-09-16,0.85,0.91,46.32
2020-09-17,0.86,0.94,38.65
2020-09-18,0.85,0.93,29.88
2020-09-21,0.88,1.01,23.56
2020-09-22,0.85,0.97,38.43
2020-09-23,0.86,0.98,24.58
2020-09-24,0.86,0.97,28.5
2020-09-25,0.82,0.93,47.32
2020-09-28,0.83,0.96,60.48
2020-09-29,0.84,0.99,55.09
2020-09-30,0.83,0.98,61.74
2020-10-01,0.84,0.93,66.51
2020-10-02,0.85,0.89,52.89
2020-10-05,0.89,0.84,67.79
2020-10-06,0.92,0.85,51.59
2020-10-07,0.91,0.77,64.53
2020-10-08,0.89,0.76,69.56
2020-10-09,0.88,0.75,74.32
2020-10-12,0.9,0.81,81.31
2020-10-13,0.92,0.82,71.88
2020-10-14,0.93,0.81,62.33
2020-10-15,0.94,0.79,59.94
2020-10-16,0.94,0.79,58.55
2020-10-19,0.96,0.84,37.77
2020-10-20,0.97,0.84,44.84
2020-10-21,0.97,0.81,41.76
2020-10-22,0.96,0.86,51.5
2020-10-23,0.95,0.88,57.25
2020-10-26,1.01,1.11,31.96
2020-10-27,1.02,1.12,29.09
2020-10-28,1.07,1.19,13.39
2020-10-29,1.05,1.18,28.32
2020-10-30,1.05,1.17,23.25
2020-11-02,1.06,1.18,37.7
2020-11-03,1.06,1.22,54.1
2020-11-04,0.99,1.1,67.79
2020-11-05,0.95,1.02,75.82
2020-11-06,0.91,0.96,75.43
2020-11-09,0.96,1.04,80.03
2020-11-10,0.94,0.99,78.63
2020-11-11,0.92,0.92,82.09
2020-11-12,0.93,0.94,64.45
2020-11-13,0.9,0.91,73.85
2020-11-16,0.89,0.86,79.82
2020-11-17,0.89,0.83,71.17
2020-11-18,0.9,0.82,54.28
2020-11-19,0.9,0.83,58.42
2020-11-20,0.91,0.84,49.02
2020-11-23,0.89,0.86,56.43
2020-11-24,0.87,0.85,71.19
2020-11-25,0.87,0.81,68.38
2020-11-27,0.85,0.88,70.54
2020-11-30,0.85,0.97,61.58
2020-12-01,0.85,0.96,73.01
2020-12-02,0.86,0.91,74.78
2020-12-03,0.87,0.91,72.69
2020-12-04,0.86,0.86,81.17
2020-12-07,0.87,0.88,74.86
2020-12-08,0.87,0.88,77.95
2020-12-09,0.9,0.9,53.63
2020-12-10,0.9,0.87,51
2020-12-11,0.89,0.88,47.44
2020-12-14,0.91,0.96,36.39
2020-12-15,0.88,0.88,65.31
2020-12-16,0.88,0.84,67.81
2020-12-17,0.87,0.85,75.17
2020-12-18,0.86,0.77,64.83
2020-12-21,0.91,0.86,52.97
2020-12-22,0.89,0.82,47.46
2020-12-23,0.89,0.82,49.94
2020-12-24,0.85,0.8,60.1
2020-12-28,0.86,0.92,75.44
2020-12-29,0.88,0.93,67.57
2020-12-30,0.9,0.94,70.18
2020-12-31,0.9,0.93,79.49
2021-01-04,0.95,1.02,41.68
2021-01-05,0.93,0.96,54.53
2021-01-06,0.94,0.95,62.69
2021-01-07,0.89,0.87,76.68
2021-01-08,0.87,0.85,80.19
2021-01-11,0.9,0.9,65.7
2021-01-12,0.89,0.89,66.09
2021-01-13,0.87,0.85,69.21
2021-01-14,0.88,0.91,58.65
2021-01-15,0.89,0.89,42.53
2021-01-19,0.87,0.94,58.2
2021-01-20,0.84,0.87,73.78
2021-01-21,0.83,0.86,74.08
2021-01-22,0.84,0.84,65.69
2021-01-25,0.86,0.89,70.75
2021-01-26,0.86,0.89,66.09
2021-01-27,1.04,1.12,26.76
2021-01-28,0.95,0.99,41.6
2021-01-29,0.98,0.99,26.84
2021-02-01,0.93,0.96,46.51
2021-02-02,0.87,0.88,58.78
2021-02-03,0.83,0.83,59.57
2021-02-04,0.81,0.8,68.29
2021-02-05,0.79,0.74,71.11
2021-02-08,0.8,0.78,76.16
2021-02-09,0.8,0.79,73.88
2021-02-10,0.8,0.8,73.14
2021-02-11,0.78,0.8,75.11
2021-02-12,0.75,0.75,79.84
2021-02-16,0.78,0.9,77.54
2021-02-17,0.78,0.86,75.97
2021-02-18,0.81,0.87,56.23
2021-02-19,0.81,0.83,49.77
2021-02-22,0.84,0.9,31.12
2021-02-23,0.85,0.92,34.53
2021-02-24,0.82,0.86,64.65
2021-02-25,0.96,1.1,28.91
2021-02-26,0.94,1.05,25.6
2021-03-01,0.87,0.97,56.62
2021-03-02,0.89,0.96,48
2021-03-03,0.93,1.01,36.66
2021-03-04,0.95,1.03,28.42
2021-03-05,0.88,0.97,49.09
2021-03-08,0.91,1.01,44.35
2021-03-09,0.88,1,57.32
2021-03-10,0.85,0.93,62.4
2021-03-11,0.84,0.91,69.69
2021-03-12,0.8,0.84,70.43
2021-03-15,0.8,0.89,75.06
2021-03-16,0.8,0.91,71.85
2021-03-17,0.81,0.87,74.53
2021-03-18,0.85,0.94,46.09
2021-03-19,0.84,0.87,44.83
2021-03-22,0.82,0.87,57.09
2021-03-23,0.85,0.9,44.4
2021-03-24,0.87,0.9,36.92
2021-03-25,0.85,0.87,47.3
2021-03-26,0.84,0.87,68.18
2021-03-29,0.89,0.91,66.76
2021-03-30,0.88,0.88,60.13
2021-03-31,0.88,0.81,65.22
2021-04-01,0.83,0.75,77.26
2021-04-05,0.85,0.87,85.25
2021-04-06,0.86,0.87,83.32
2021-04-07,0.83,0.82,84.14
2021-04-08,0.82,0.82,86.67
2021-04-09,0.8,0.79,90.16
2021-04-12,0.81,0.84,90.19
2021-04-13,0.8,0.83,91.64
2021-04-14,0.81,0.83,75.35
2021-04-15,0.8,0.86,84.97
2021-04-16,0.79,0.8,87.13
2021-04-19,0.81,0.89,69.97
2021-04-20,0.84,0.93,51.55
2021-04-21,0.81,0.85,66.08
2021-04-22,0.83,0.9,48.29
2021-04-23,0.8,0.81,62.86
2021-04-26,0.82,0.84,65.22
2021-04-27,0.82,0.83,63.99
2021-04-28,0.82,0.79,62.4
2021-04-29,0.83,0.79,72.84
2021-04-30,0.84,0.83,53.12
2021-05-03,0.84,0.88,58.41
2021-05-04,0.86,0.91,43.46
2021-05-05,0.86,0.92,44.84
2021-05-06,0.84,0.87,62.36
2021-05-07,0.8,0.84,72.75
2021-05-10,0.88,1,49.4
2021-05-11,0.9,1.01,36.66
2021-05-12,0.98,1.07,20.7
2021-05-13,0.92,1,38.84
2021-05-14,0.85,0.93,55.15
2021-05-17,0.85,0.95,52.37
2021-05-18,0.88,0.98,42.61
2021-05-19,0.88,0.96,39.54
2021-05-20,0.87,0.9,54.39
2021-05-21,0.86,0.85,53.48
2021-05-24,0.83,0.8,65.77
2021-05-25,0.84,0.84,61.53
2021-05-26,0.82,0.8,64.11
2021-05-27,0.82,0.78,65.76
2021-05-28,0.82,0.76,67.59
2021-06-01,0.84,0.84,64.39
2021-06-02,0.82,0.78,68.48
2021-06-03,0.83,0.84,52.1
2021-06-04,0.8,0.77,72.03
2021-06-07,0.8,0.85,69.14
2021-06-08,0.82,0.9,69.5
2021-06-09,0.84,0.96,59.67
2021-06-10,0.8,0.86,71.92
2021-06-11,0.8,0.83,76.02
2021-06-14,0.81,0.91,79.35
2021-06-15,0.82,0.94,66.99
2021-06-16,0.85,0.99,42.76
2021-06-17,0.85,0.94,41.13
2021-06-18,0.9,0.97,18.05
2021-06-21,0.85,0.94,52.99
2021-06-22,0.83,0.88,60.72
2021-06-23,0.83,0.84,58.07
2021-06-24,0.83,0.8,67.33
2021-06-25,0.82,0.76,71.73
2021-06-28,0.83,0.76,74.67
2021-06-29,0.82,0.74,75.14
2021-06-30,0.81,0.7,77.18
2021-07-01,0.8,0.74,84.03
2021-07-02,0.78,0.69,89.55
2021-07-06,0.81,0.84,79.51
2021-07-07,0.79,0.81,83.44
2021-07-08,0.86,0.91,53.67
2021-07-09,0.79,0.8,70.54
2021-07-12,0.79,0.84,74.52
2021-07-13,0.81,0.88,64.13
2021-07-14,0.79,0.82,66.11
2021-07-15,0.81,0.86,54.86
2021-07-16,0.84,0.88,37.81
2021-07-19,0.9,0.98,20.95
2021-07-20,0.85,0.91,48.3
2021-07-21,0.82,0.82,58.1
2021-07-22,0.81,0.8,60.52
2021-07-23,0.79,0.75,70.73
2021-07-26,0.81,0.8,73.01
2021-07-27,0.84,0.89,61.99
2021-07-28,0.82,0.81,61.24
2021-07-29,0.81,0.77,67.96
2021-07-30,0.82,0.79,53.64
2021-08-02,0.84,0.83,48.72
2021-08-03,0.81,0.76,65.12
2021-08-04,0.81,0.76,52.89
2021-08-05,0.8,0.77,63.67
2021-08-06,0.77,0.68,66.28
2021-08-09,0.79,0.76,63.35
2021-08-10,0.79,0.79,65.57
2021-08-11,0.78,0.72,71.01
2021-08-12,0.77,0.74,76.54
2021-08-13,0.76,0.73,79.47
2021-08-16,0.78,0.81,83.45
2021-08-17,0.83,0.91,50.6
2021-08-18,0.91,1.07,29.09
2021-08-19,0.9,0.98,32.92
2021-08-20,0.83,0.81,54.32
2021-08-23,0.81,0.82,67.99
2021-08-24,0.81,0.81,70.09
2021-08-25,0.81,0.77,73.16
2021-08-26,0.86,0.91,54.52
2021-08-27,0.8,0.75,69.06
2021-08-30,0.79,0.74,74.24
2021-08-31,0.81,0.77,69.85
2021-09-01,0.8,0.73,70.45
2021-09-02,0.82,0.78,75.35
2021-09-03,0.81,0.71,73.25
2021-09-07,0.84,0.85,56.81
2021-09-08,0.83,0.82,50.73
2021-09-09,0.85,0.88,35.16
2021-09-10,0.9,1.08,21.74
2021-09-13,0.86,1.04,31.39
2021-09-14,0.86,1,22.59
2021-09-15,0.84,0.89,49.05
2021-09-16,0.86,0.89,45.17
2021-09-17,0.9,0.94,29.44
2021-09-20,0.97,1.08,16.3
2021-09-21,0.96,1.03,15.76
2021-09-22,0.91,0.93,38.9
2021-09-23,0.87,0.92,57.21
2021-09-24,0.85,0.86,59.34
2021-09-27,0.88,0.9,53.88
2021-09-28,0.97,1.06,28.85
2021-09-29,0.95,0.97,31.65
2021-09-30,0.97,1,22.46
2021-10-01,0.92,0.92,41.77
2021-10-04,0.95,1,31.03
2021-10-05,0.92,0.95,45.39
2021-10-06,0.92,0.93,50.65
2021-10-07,0.88,0.93,60.26
2021-10-08,0.86,0.89,56.98
2021-10-11,0.89,0.99,45.98
2021-10-12,0.89,0.98,42.45
2021-10-13,0.87,0.94,48.86
2021-10-14,0.83,0.88,70.9
2021-10-15,0.8,0.81,76.57
2021-10-18,0.8,0.85,78.97
2021-10-19,0.79,0.85,83.54
2021-10-20,0.78,0.82,85.46
2021-10-21,0.77,0.79,86.99
2021-10-22,0.77,0.78,83.04
2021-10-25,0.78,0.86,86.55
2021-10-26,0.79,0.9,87.62
2021-10-27,0.81,0.89,67.16
2021-10-28,0.81,0.87,79.11
2021-10-29,0.8,0.84,80.82
2021-11-01,0.8,0.92,82.61
2021-11-02,0.8,0.92,85.9
2021-11-03,0.78,0.86,89.95
2021-11-04,0.78,0.85,91.88
2021-11-05,0.8,0.8,93.23
2021-11-08,0.82,0.84,93.65
2021-11-09,0.83,0.85,75.43
2021-11-10,0.85,0.85,47.59
2021-11-11,0.83,0.81,49.16
2021-11-12,0.79,0.74,65.79
2021-11-15,0.79,0.74,65.85
2021-11-16,0.78,0.73,72.87
2021-11-17,0.79,0.67,62.45
2021-11-18,0.8,0.71,69.97
2021-11-19,0.82,0.69,63.12
2021-11-22,0.85,0.84,49.38
2021-11-23,0.86,0.84,56.13
2021-11-24,0.85,0.8,63.4
2021-11-26,0.98,1.07,20.19
2021-11-29,0.92,0.93,45.74
2021-11-30,0.97,1.04,28.98
2021-12-01,1.01,1.09,22.19
2021-12-02,0.96,1,41.72
2021-12-03,0.97,1.03,35.3
2021-12-06,0.94,1,48.76
2021-12-07,0.88,0.95,65.46
2021-12-08,0.84,0.88,67.46
2021-12-09,0.88,0.95,57.82
2021-12-10,0.81,0.84,65.85
2021-12-13,0.84,0.91,53.52
2021-12-14,0.86,0.96,45.04
2021-12-15,0.83,0.87,61.44
2021-12-16,0.84,0.91,51.14
2021-12-17,0.85,0.9,40.75
2021-12-20,0.87,0.97,31.96
2021-12-21,0.84,0.9,52
2021-12-22,0.79,0.79,60.5
2021-12-23,0.77,0.76,65.2
2021-12-27,0.78,0.82,73.99
2021-12-28,0.79,0.82,72.64
2021-12-29,0.78,0.76,73.54
2021-12-30,0.79,0.8,67.02
2021-12-31,0.79,0.77,60.54
2022-01-03,0.77,0.81,69.02
2022-01-04,0.78,0.82,67.47
2022-01-05,0.84,0.92,33.38
2022-01-06,0.83,0.87,32.44
2022-01-07,0.82,0.82,27.89
2022-01-10,0.86,0.92,26.34
2022-01-11,0.84,0.9,49.22
2022-01-12,0.82,0.83,54.81
2022-01-13,0.87,0.93,32.89
2022-01-14,0.84,0.9,33.74
2022-01-18,0.91,1.06,19.04
2022-01-19,0.92,1.01,14.64
2022-01-20,0.95,1.03,11.09
2022-01-21,0.96,1.07,7.37
2022-01-24,0.97,1.2,13.39
2022-01-25,0.98,1.19,10.2
2022-01-26,1,1.17,9.63
2022-01-27,0.98,1.09,8.43
2022-01-28,0.96,1.02,47.93
2022-01-31,0.92,1.02,63.44
2022-02-01,0.89,0.96,67.68
2022-02-02,0.88,0.98,73.3
2022-02-03,0.91,0.99,47.24
2022-02-04,0.88,0.94,51.36
2022-02-07,0.89,0.95,47.82
2022-02-08,0.87,0.94,56.57
2022-02-09,0.85,0.94,68.46
2022-02-10,0.92,0.99,47.77
2022-02-11,0.95,0.98,34.35
2022-02-14,0.96,0.97,32.28
2022-02-15,0.94,0.95,49.17
2022-02-16,0.93,0.88,50.19
2022-02-17,0.96,0.98,32.97
2022-02-18,0.95,0.94,28.88
2022-02-22,0.99,0.99,23.76
2022-02-23,1,0.99,16.97
2022-02-24,1.01,0.99,34.89
2022-02-25,0.98,0.95,54.63
2022-02-28,1.02,1.05,52.38
2022-03-01,1.02,1.04,39.85
2022-03-02,0.99,1,55.49
2022-03-03,0.99,0.98,50.94
2022-03-04,0.99,0.97,43.89
2022-03-07,1.02,1.06,26.7
2022-03-08,1,1.05,23.88
2022-03-09,0.98,1.03,47.77
2022-03-10,0.96,0.99,44.75
2022-03-11,0.95,1,36.15
2022-03-14,0.95,1.08,31.79
2022-03-15,0.93,1.03,52.35
2022-03-16,0.92,0.99,65.94
2022-03-17,0.91,0.97,71.46
2022-03-18,0.9,0.93,76.31
2022-03-21,0.89,0.97,75.89
2022-03-22,0.89,0.98,80.82
2022-03-23,0.89,0.98,63.04
2022-03-24,0.86,0.94,71.81
2022-03-25,0.84,0.89,74.54
2022-03-28,0.81,0.91,78.24
2022-03-29,0.82,0.93,83.46
2022-03-30,0.82,0.9,72.29
2022-03-31,0.84,0.89,51.41
2022-04-01,0.81,0.82,54.34
2022-04-04,0.81,0.85,62.86
2022-04-05,0.84,0.89,46.71
2022-04-06,0.86,0.89,37.05
2022-04-07,0.85,0.88,43.11
2022-04-08,0.84,0.82,40.46
2022-04-11,0.9,0.94,25.82
2022-04-12,0.89,0.93,23.64
2022-04-13,0.85,0.88,42.75
2022-04-14,0.87,0.85,31.71
2022-04-18,0.86,0.94,31.64
2022-04-19,0.85,0.97,55.29
2022-04-20,0.84,0.95,53.99
2022-04-21,0.87,0.98,36.57
2022-04-22,0.94,1.03,20.69
2022-04-25,0.93,1.07,28.59
2022-04-26,1.01,1.13,17.81
2022-04-27,0.98,1.1,20.14
2022-04-28,0.96,1.07,46.85
2022-04-29,1.01,1.08,28.96
2022-05-02,0.98,1.09,33.64
2022-05-03,0.95,1.08,37.82
2022-05-04,0.91,1.03,59.04
2022-05-05,0.96,1.07,39.11
2022-05-06,0.93,0.99,36.45
2022-05-09,0.99,1.06,25.48
2022-05-10,0.97,1.05,27.1
2022-05-11,0.97,1.04,22.04
2022-05-12,0.96,1.05,21.73
2022-05-13,0.94,1.02,44.27
2022-05-16,0.93,1.04,41.92
2022-05-17,0.92,1.03,57.62
2022-05-18,0.94,1.04,34.04
2022-05-19,0.95,1.05,31.56
2022-05-20,0.95,0.99,31.91
2022-05-23,0.94,1.02,48.44
2022-05-24,0.96,1,43.11
2022-05-25,0.95,0.96,51.14
2022-05-26,0.94,0.93,65.1
2022-05-27,0.92,0.9,76.09
2022-05-31,0.94,0.99,69.44
2022-06-01,0.93,0.98,60.64
2022-06-02,0.91,0.95,71.21
2022-06-03,0.91,0.93,54.62
2022-06-06,0.92,1.02,56.94
2022-06-07,0.91,1.01,63.97
2022-06-08,0.9,1,51.96
2022-06-09,0.93,1.06,34.08
2022-06-10,0.93,1.04,22.49
2022-06-13,0.99,1.14,14.61
2022-06-14,0.98,1.13,14
2022-06-15,0.96,1.1,27.5
2022-06-16,0.99,1.11,19.02
2022-06-17,0.96,0.98,20.29
2022-06-21,0.97,1.01,41.38
2022-06-22,0.96,0.98,40.39
2022-06-23,0.96,0.97,48.93
2022-06-24,0.94,0.96,67.06
2022-06-27,0.96,0.96,64.2
2022-06-28,0.97,0.96,47.22
2022-06-29,0.97,0.94,46.59
2022-06-30,0.97,0.94,40.41
2022-07-01,0.94,0.88,50.42
2022-07-05,0.95,0.99,52.28
2022-07-06,0.94,0.97,56.33
2022-07-07,0.93,0.95,69.97
2022-07-08,0.9,0.89,68.92
2022-07-11,0.93,0.93,50.02
2022-07-12,0.95,0.99,39.45
2022-07-13,0.94,0.97,34.47
2022-07-14,0.92,0.96,31.61
2022-07-15,0.9,0.91,59.29
2022-07-18,0.91,1.01,48.42
2022-07-19,0.9,1.07,70.65
2022-07-20,0.89,1.05,73.98
2022-07-21,0.88,1.01,78.76
2022-07-22,0.89,0.96,64.92
2022-07-25,0.91,0.99,65.74
2022-07-26,0.93,1.01,49.2
2022-07-27,0.92,0.95,70.01
2022-07-28,0.92,0.93,76.04
2022-07-29,0.9,0.87,81.55
2022-08-01,0.92,0.96,77.07
2022-08-02,0.93,0.97,66.66
2022-08-03,0.9,0.94,76.09
2022-08-04,0.88,0.92,74.93
2022-08-05,0.87,0.91,71.3
2022-08-08,0.87,0.94,68.7
2022-08-09,0.88,0.96,58.8
2022-08-10,0.84,0.89,78.4
2022-08-11,0.85,0.89,77.08
2022-08-12,0.84,0.86,85.79
2022-08-15,0.86,0.93,87.25
2022-08-16,0.84,0.94,88
2022-08-17,0.84,0.94,69.28
2022-08-18,0.84,0.9,71.76
2022-08-19,0.85,0.89,46.37
2022-08-22,0.91,0.96,27.22
2022-08-23,0.93,0.97,25.53
2022-08-24,0.92,0.93,31.59
2022-08-25,0.9,0.93,53.12
2022-08-26,0.96,0.93,27.32
2022-08-29,0.98,0.95,24.45
2022-08-30,0.97,0.93,20.12
2022-08-31,0.97,0.92,17.45
2022-09-01,0.97,0.93,22.47
2022-09-02,0.96,0.9,17.78
2022-09-06,0.97,1,16.26
2022-09-07,0.94,0.98,44.03
2022-09-08,0.93,0.97,51.47
2022-09-09,0.91,0.95,65.27
2022-09-12,0.94,1.06,72.2
2022-09-13,0.97,1.07,35.63
2022-09-14,0.95,1.04,38.64
2022-09-15,0.95,1.03,32.45
2022-09-16,0.95,1.03,28.76
2022-09-19,0.95,1.08,37.3
2022-09-20,0.97,1.12,30.19
2022-09-21,0.97,1.08,22.09
2022-09-22,0.97,1.01,18.96
2022-09-23,0.99,1.01,14.24
2022-09-26,1.01,1.06,11.89
2022-09-27,1.01,1.03,11.43
2022-09-28,0.99,1.03,38.42
2022-09-29,1,1.03,27.09
2022-09-30,0.99,0.99,21.63
2022-10-03,0.98,1.02,45.07
2022-10-04,0.98,1.03,62.83
2022-10-05,0.97,1.01,61.27
2022-10-06,0.99,1.03,52.39
2022-10-07,0.98,0.97,35.23
2022-10-10,0.99,0.99,31.7
2022-10-11,1.01,1.03,28.79
2022-10-12,1.01,1.03,27.12
2022-10-13,1,0.99,52.89
2022-10-14,0.99,0.93,37.78
2022-10-17,0.99,0.97,55.4
2022-10-18,0.98,0.95,61.74
2022-10-19,0.98,0.93,55.83
2022-10-20,0.97,0.93,48.88
2022-10-21,0.97,0.96,64.58
2022-10-24,0.98,1.06,70.43
2022-10-25,0.97,1.08,77
2022-10-26,0.96,1.07,68.04
2022-10-27,0.97,1.09,61.47
2022-10-28,0.96,1.08,74.47
2022-10-31,0.96,1.15,65.91
2022-11-01,0.97,1.18,60.75
2022-11-02,0.95,1.14,38.79
2022-11-03,0.95,1.12,32.77
2022-11-04,0.93,1.1,46.22
2022-11-07,0.93,1.11,54.52
2022-11-08,0.94,1.12,59.01
2022-11-09,0.93,1.11,40.26
2022-11-10,0.9,1.04,70.56
2022-11-11,0.87,0.95,73.65
2022-11-14,0.91,0.89,65.72
2022-11-15,0.92,0.89,69.75
2022-11-16,0.93,0.82,61.37
2022-11-17,0.93,0.82,58.07
2022-11-18,0.91,0.79,62.15
2022-11-21,0.9,0.87,56.23
2022-11-22,0.89,0.89,68.22
2022-11-23,0.87,0.83,72.49
2022-11-25,0.87,0.83,71.62
2022-11-28,0.89,0.9,46.89
2022-11-29,0.89,0.93,44.63
2022-11-30,0.88,0.92,72.5
2022-12-01,0.85,0.93,71.82
2022-12-02,0.83,0.94,69.41
2022-12-05,0.87,1.15,44.46
2022-12-06,0.9,1.22,32.75
2022-12-07,0.9,1.24,31.31
2022-12-08,0.9,1.2,42.81
2022-12-09,0.9,1.16,35.59
2022-12-12,0.97,1.18,54.42
2022-12-13,0.93,1.05,61.72
2022-12-14,0.9,0.95,52.85
2022-12-15,0.91,0.95,30.8
2022-12-16,0.9,0.91,24.67
2022-12-21,0.86,0.88,34.2
2022-12-22,0.89,0.9,25.87
2022-12-23,0.86,0.84,33.74
2022-12-27,0.89,0.91,30.86
2022-12-28,0.9,0.94,23.27
2022-12-29,0.89,0.96,46.57
2022-12-30,0.89,0.98,44.3
2023-01-03,0.93,1.09,39.96
2023-01-04,0.92,1.09,50.95
2023-01-05,0.93,1.09,37.62
2023-01-06,0.91,1.02,61.71
2023-01-09,0.93,1.05,61.01
2023-01-10,0.91,1.04,67.21
2023-01-11,0.93,1.06,75.94
2023-01-12,0.87,0.87,77.99
2023-01-13,0.87,0.81,80.33
2023-01-17,0.9,0.86,75.23
2023-01-18,0.91,0.85,46.48
2023-01-19,0.91,0.89,37.57
2023-01-20,0.91,0.92,60.35
2023-01-23,0.92,1.07,69.4
2023-01-24,0.92,1.14,68.31
2023-01-25,0.91,1.15,67.74
2023-01-26,0.9,1.12,77.05
2023-01-27,0.9,1.08,78.74
2023-01-30,0.93,1.12,52.95
2023-01-31,0.93,1.12,67.81
2023-02-01,0.89,1.04,74.99
2023-02-02,0.9,1.02,82
2023-02-03,0.88,0.97,65.71
2023-02-06,0.91,1.06,57.16
2023-02-07,0.9,1.05,68.02
2023-02-08,0.9,1.07,53.38
2023-02-09,0.92,1.1,43.94
2023-02-10,0.91,1.05,46.75
2023-02-13,0.93,1.05,60.07
2023-02-14,0.89,0.94,59.7
2023-02-15,0.88,0.88,63.22
2023-02-16,0.92,0.96,40.9
2023-02-17,0.92,0.84,37.62
2023-02-21,0.98,0.93,21.81
2023-02-22,0.98,0.86,21.04
2023-02-23,0.97,0.86,31.92
2023-02-24,0.97,0.85,23.67
2023-02-27,0.97,0.92,30.06
2023-02-28,0.97,0.95,26.97
2023-03-01,0.96,0.95,22.94
2023-03-02,0.95,0.96,41.34
2023-03-03,0.93,0.96,64.32
2023-03-06,0.93,1.05,65.16
2023-03-07,0.95,1.07,41.33
2023-03-08,0.95,1.08,43.5
2023-03-09,0.99,1.12,26.43
2023-03-10,0.98,1.08,19.01
2023-03-13,1,1.17,18.32
2023-03-14,0.96,1.09,44.45
2023-03-15,0.96,1.12,38.12
2023-03-16,0.94,1.07,57.18
2023-03-17,0.93,1.06,45.75
2023-03-20,0.93,1.07,54.74
2023-03-21,0.91,1.07,65.47
2023-03-22,0.91,1.07,47.49
2023-03-23,0.92,1.02,50.4
2023-03-24,0.91,0.95,56.68
2023-03-27,0.9,0.94,58.41
2023-03-28,0.89,0.92,55.63
2023-03-29,0.89,0.9,71.15
2023-03-30,0.89,0.91,75.54
2023-03-31,0.88,0.88,83.51
2023-04-03,0.89,0.92,85.1
2023-04-04,0.89,0.92,71.78
2023-04-05,0.89,0.89,66.07
2023-04-06,0.88,0.85,70.21
2023-04-10,0.9,0.89,71.37
2023-04-11,0.91,0.88,71.54
2023-04-12,0.91,0.83,56.66
2023-04-13,0.88,0.82,76.3
2023-04-14,0.85,0.78,70.05
2023-04-17,0.86,0.86,74.38
2023-04-18,0.85,0.87,75.46
2023-04-19,0.82,0.87,75.36
2023-04-20,0.84,0.88,51.1
2023-04-21,0.82,0.89,53.65
2023-04-24,0.83,0.99,56.8
2023-04-25,0.87,1.02,22.88
2023-04-26,0.87,1.02,19.4
2023-04-27,0.84,1.01,58.67
2023-04-28,0.81,0.99,67.51
2023-05-01,0.82,1,66.27
2023-05-02,0.86,1.05,45.64
2023-05-03,0.86,1.01,37.29
2023-05-04,0.88,0.99,29.81
2023-05-05,0.83,0.89,56.59
2023-05-08,0.82,0.9,57.17
2023-05-09,0.84,0.93,49.88
2023-05-10,0.82,0.86,56.51
2023-05-11,0.82,0.85,53.03
2023-05-12,0.82,0.83,49.7
2023-05-15,0.84,0.86,56.68
2023-05-16,0.86,0.89,41.52
2023-05-17,0.84,0.87,63.76
2023-05-18,0.83,0.88,73.75
2023-05-19,0.84,0.85,70.12
2023-05-22,0.84,0.9,70.35
2023-05-23,0.88,0.94,43.77
2023-05-24,0.91,0.99,33.37
2023-05-25,0.9,0.96,50.57
2023-05-26,0.88,0.96,66.6
2023-05-30,0.87,0.95,66.72
2023-05-31,0.89,0.94,54.56
2023-06-01,0.83,0.89,66.95
2023-06-02,0.81,0.87,78.42
2023-06-05,0.82,0.96,74.38
2023-06-06,0.82,0.99,76.29
2023-06-07,0.81,0.99,65.95
2023-06-08,0.81,1,73.31
2023-06-09,0.82,0.96,74.82
2023-06-12,0.87,1.02,83.08
2023-06-13,0.85,0.99,87.03
2023-06-14,0.82,0.92,87.45
2023-06-15,0.85,0.93,92.34
2023-06-16,0.81,0.84,80.25
2023-06-20,0.8,0.93,66.66
2023-06-21,0.78,0.91,53.8
2023-06-22,0.78,0.86,60.3
2023-06-23,0.8,0.86,44.06
2023-06-26,0.84,0.89,37.07
2023-06-27,0.84,0.88,58.49
2023-06-28,0.84,0.87,58.06
2023-06-29,0.84,0.87,65.43
2023-06-30,0.85,0.85,78.3
2023-07-03,0.84,0.88,79.35
2023-07-05,0.86,0.89,72.57
2023-07-06,0.88,0.9,51.06
2023-07-07,0.86,0.85,45.06
2023-07-10,0.87,0.9,51.36
2023-07-11,0.87,0.92,64.67
2023-07-12,0.84,0.84,74.57
2023-07-13,0.84,0.89,81.71
2023-07-14,0.83,0.89,78.85
2023-07-17,0.83,0.97,82.15
2023-07-18,0.83,0.99,87.25
2023-07-19,0.83,0.97,88.48
2023-07-20,0.84,0.97,64.72
2023-07-21,0.83,0.92,65.25
2023-07-24,0.85,0.96,72.21
2023-07-25,0.86,0.97,76.45
2023-07-26,0.83,0.89,75.62
2023-07-27,0.87,0.94,49.43
2023-07-28,0.84,0.84,69.15
2023-07-31,0.85,0.93,71.6
2023-08-01,0.85,0.93,61.49
2023-08-02,0.9,0.96,33.02
2023-08-03,0.9,0.95,29.6
2023-08-04,0.92,0.94,23.99
2023-08-07,0.89,0.93,46.31
2023-08-08,0.88,0.93,39.43
2023-08-09,0.89,0.96,30.11
2023-08-10,0.87,0.97,30.85
2023-08-11,0.84,0.92,29.24
2023-08-14,0.85,0.98,47.7
2023-08-15,0.88,1.01,28.76
2023-08-16,0.88,0.98,21.72
2023-08-17,0.9,0.98,16.56
2023-08-18,0.9,0.96,17.17
2023-08-21,0.91,0.98,37.03
2023-08-22,0.91,0.97,32.93
2023-08-23,0.89,0.96,56.71
2023-08-24,0.92,0.94,36.56
2023-08-25,0.89,0.88,47.79
2023-08-28,0.88,0.9,56.87
2023-08-29,0.87,0.92,71.29
2023-08-30,0.86,0.89,74.21
2023-08-31,0.85,0.87,70.68
2023-09-01,0.83,0.8,72.28
2023-09-05,0.86,0.92,60.89
2023-09-06,0.87,0.91,45.55
2023-09-07,0.87,0.91,39.94
2023-09-08,0.86,0.89,43.94
2023-09-11,0.86,0.96,59.62
2023-09-12,0.88,0.99,45.73
2023-09-13,0.85,0.92,48.81
2023-09-14,0.84,0.92,65.83
2023-09-15,0.86,0.91,41.1
2023-09-18,0.87,0.97,42.68
2023-09-19,0.87,1.01,38.7
2023-09-20,0.9,1.01,25.94
2023-09-21,0.96,1.08,15.11
2023-09-22,0.95,1.02,14.09
2023-09-25,0.94,1.04,25.38
2023-09-26,0.96,1.05,16.07
2023-09-27,0.95,1.04,16.7
2023-09-28,0.94,1.02,31.68
2023-09-29,0.95,0.98,28.99
2023-10-02,0.95,1,28.72
2023-10-03,0.97,1.01,16.4
2023-10-04,0.95,0.99,36.11
2023-10-05,0.95,0.99,34.47
2023-10-06,0.93,0.93,57
2023-10-09,0.94,1.01,65.38
2023-10-10,0.93,1,71.11
2023-10-11,0.91,0.94,75.21
2023-10-12,0.92,0.95,59.37
2023-10-13,0.94,0.97,49.35
2023-10-16,0.92,1,64.72
2023-10-17,0.93,0.99,65.04
2023-10-18,0.94,0.98,39.66
2023-10-19,0.96,1,30.6
2023-10-20,0.97,0.96,21.43
2023-10-23,0.95,1.02,20.58
2023-10-24,0.94,1.02,36.46
2023-10-25,0.95,1.02,24.22
2023-10-26,0.96,1.01,17.94
2023-10-27,0.96,1,16.08
2023-10-30,0.95,1.05,37.65
2023-10-31,0.93,1.05,47.11
2023-11-01,0.91,1,59.71
2023-11-02,0.88,0.97,73.85
2023-11-03,0.87,0.92,78.55
2023-11-06,0.87,0.98,79.54
2023-11-07,0.88,0.97,81.06
2023-11-08,0.87,0.96,81.65
2023-11-09,0.88,0.96,61.28
2023-11-10,0.86,0.9,75.81
2023-11-13,0.89,0.93,73.41
2023-11-14,0.87,0.91,84.38
2023-11-15,0.87,0.84,85.09
2023-11-16,0.89,0.83,85.59
2023-11-17,0.87,0.77,86.25
2023-11-20,0.86,0.83,89.88
2023-11-21,0.86,0.86,82.38
2023-11-22,0.83,0.78,85.23
2023-11-24,0.82,0.79,85.74
2023-11-27,0.83,0.89,76.68
2023-11-28,0.83,0.91,77.86
2023-11-29,0.84,0.93,72.95
2023-11-30,0.84,0.95,80.66
2023-12-01,0.82,0.95,86.91
2023-12-04,0.83,1.03,62.18
2023-12-05,0.83,1.05,60.86
2023-12-06,0.82,1.05,46.26
2023-12-07,0.83,1.05,66.27
2023-12-08,0.82,0.99,72.9
2023-12-11,0.83,1,78.5
2023-12-12,0.81,0.96,83.14
2023-12-13,0.83,1.01,90.73
2023-12-14,0.84,0.99,91.7
2023-12-15,0.81,0.89,87.84
2023-12-18,0.81,0.91,90.69
2023-12-19,0.8,0.9,92.95
2023-12-20,0.83,1,52.71
2023-12-21,0.84,0.96,65.73
2023-12-22,0.81,0.89,67.46
2023-12-26,0.82,0.96,72.05
2023-12-27,0.81,0.9,73.81
2023-12-28,0.82,0.9,74.24
2023-12-29,0.82,0.86,64.38
2024-01-02,0.85,0.95,45.84
2024-01-03,0.87,0.94,30.96
2024-01-04,0.88,0.92,26.9
2024-01-05,0.86,0.88,32.24
2024-01-08,0.86,0.89,63.72
2024-01-09,0.86,0.89,60.1
2024-01-10,0.86,0.87,68.64
2024-01-11,0.85,0.86,67.36
2024-01-12,0.85,0.83,68.48
2024-01-16,0.88,0.91,53.89
2024-01-17,0.9,0.9,38.82
2024-01-18,0.89,0.9,60.64
2024-01-19,0.87,0.89,75.82
2024-01-22,0.88,1,77.94
2024-01-23,0.87,1,80.41
2024-01-24,0.88,1.03,81.38
2024-01-25,0.89,1.02,85.92
2024-01-26,0.88,0.99,81.18
2024-01-29,0.89,1.03,87.67
2024-01-30,0.88,1.03,84.35
2024-01-31,0.9,1.01,40.58
2024-02-01,0.9,0.95,60.27
2024-02-02,0.89,0.94,70.72
2024-02-05,0.89,0.98,64.29
2024-02-06,0.87,0.95,67.13
2024-02-07,0.86,0.93,75.4
2024-02-08,0.86,0.91,76.06
2024-02-09,0.86,0.9,80.95
2024-02-12,0.89,0.94,78.46
2024-02-13,0.94,0.95,44.12
2024-02-14,0.9,0.9,59.23
2024-02-15,0.89,0.89,66.39
2024-02-16,0.9,0.88,56.11
2024-02-20,0.94,0.96,45.6
2024-02-21,0.95,0.96,48.07
2024-02-22,0.92,0.91,74.01
2024-02-23,0.9,0.87,74.49
2024-02-26,0.9,0.96,64.85
2024-02-27,0.9,0.96,67.55
2024-02-28,0.91,0.98,62.26
2024-02-29,0.9,0.93,70.74
2024-03-01,0.88,0.9,79.21
2024-03-04,0.89,0.98,75.08
2024-03-05,0.91,1.03,47.95
2024-03-06,0.91,1.03,57.77
2024-03-07,0.91,1.01,71.1
2024-03-08,0.9,0.99,56.67
2024-03-11,0.92,1.08,54.27
2024-03-12,0.88,1.02,69.63
2024-03-13,0.88,1.03,65.12
2024-03-14,0.89,1.03,57.97
2024-03-15,0.88,0.98,43.62
2024-03-18,0.88,1.01,56.33
2024-03-19,0.88,0.99,65.12
2024-03-20,0.85,0.89,75.05
2024-03-21,0.85,0.86,78.1
2024-03-22,0.85,0.83,73.81
2024-03-25,0.86,0.87,63.9
2024-03-26,0.87,0.88,54.9
2024-03-27,0.85,0.82,70.56
2024-03-28,0.86,0.81,72.3
2024-04-01,0.88,0.93,63.5
2024-04-02,0.91,0.96,43.24
2024-04-03,0.9,0.93,47.33
2024-04-04,0.96,1.05,26.09
2024-04-05,0.93,0.96,50.39
2024-04-08,0.92,0.96,49.97
2024-04-09,0.91,0.98,52.66
2024-04-10,0.93,1,34.55
2024-04-11,0.9,0.95,50.72
2024-04-12,0.95,1,31.68
2024-04-15,0.98,1.08,22.8
2024-04-16,0.98,1.05,21.46
2024-04-17,0.97,0.99,17.97
2024-04-18,0.96,0.99,16.66
2024-04-19,0.97,0.97,12.37
2024-04-22,0.96,1.03,34.2
2024-04-23,0.94,1.04,53.25
2024-04-24,0.95,1.02,54.06
2024-04-25,0.94,1.03,45.98
2024-04-26,0.92,0.98,61.49
2024-04-29,0.92,1.03,65.98
2024-04-30,0.94,1.07,40.06
2024-05-01,0.93,1.03,35.97
2024-05-02,0.91,1.01,51.74
2024-05-03,0.88,0.89,65.58
2024-05-06,0.9,0.97,73.6
2024-05-07,0.88,0.96,74.56
2024-05-08,0.87,0.96,74.57
2024-05-09,0.86,0.94,79.22
2024-05-10,0.86,0.94,80.45
2024-05-13,0.91,1.01,80.21
2024-05-14,0.91,0.99,84.74
2024-05-15,0.88,0.92,91.3
2024-05-16,0.87,0.88,83.6
2024-05-17,0.86,0.81,84.51
2024-05-20,0.86,0.87,85.39
2024-05-21,0.85,0.85,87.56
2024-05-22,0.86,0.91,71.64
2024-05-23,0.87,0.84,45.76
2024-05-24,0.84,0.77,62.05
2024-05-28,0.88,0.89,62.97
2024-05-29,0.92,0.94,41.42
2024-05-30,0.93,0.94,31.7
2024-05-31,0.88,0.9,52.38
2024-06-03,0.89,1.06,53.51
2024-06-04,0.88,1.09,57.09
2024-06-05,0.87,1.11,75.68
2024-06-06,0.87,1.07,75.21
2024-06-07,0.85,1.01,70.24
2024-06-10,0.87,1.01,74.77
2024-06-11,0.89,1,78.98
2024-06-12,0.85,0.86,87.06
2024-06-13,0.84,0.86,88.49
2024-06-14,0.85,0.87,88.01
2024-06-17,0.86,0.94,92.53
2024-06-18,0.84,0.9,93.51
2024-06-20,0.86,0.93,79.38
2024-06-21,0.87,0.83,74.65
2024-06-24,0.88,0.89,57.88
2024-06-25,0.86,0.86,68.15
2024-06-26,0.85,0.84,71.46
2024-06-27,0.85,0.86,72.96
2024-06-28,0.86,0.85,50.97
2024-07-01,0.86,0.89,60.84
2024-07-02,0.86,0.88,75.06
2024-07-03,0.86,0.89,81.69
2024-07-05,0.87,0.87,86.49
2024-07-08,0.86,0.89,87.26
2024-07-09,0.87,0.89,88.09
2024-07-10,0.89,0.94,93.54
2024-07-11,0.88,0.88,62.8
2024-07-12,0.87,0.85,70.55
2024-07-15,0.88,0.93,74.22
2024-07-16,0.88,0.89,80.59
2024-07-17,0.92,0.91,47.4
2024-07-18,0.96,0.94,37.08
2024-07-19,0.96,0.91,29.65
2024-07-22,0.93,0.99,48.61
2024-07-23,0.92,0.99,46.54
2024-07-24,0.98,1.1,24.68
2024-07-25,0.99,1.07,21.78
2024-07-26,0.95,1.03,40.05
2024-07-29,0.97,1.05,41.24
2024-07-30,0.98,1.07,35.3
2024-07-31,0.96,1.01,58.1
2024-08-01,0.97,1.05,42.04
2024-08-02,1,0.99,28.57
2024-08-05,1.14,1.11,17.62
2024-08-06,1.03,1.04,28.31
2024-08-07,1.03,1.05,25.28
2024-08-08,0.99,1.01,47.92
2024-08-09,0.96,0.99,51.86
2024-08-12,0.96,1.06,52.05
2024-08-13,0.91,1.03,66.08
2024-08-14,0.88,0.97,68.55
2024-08-15,0.85,0.94,77.95
2024-08-16,0.83,0.88,78.94
2024-08-19,0.83,0.96,83.36
2024-08-20,0.87,1,79.04
2024-08-21,0.88,0.96,81.61
2024-08-22,0.91,0.94,62.75
2024-08-23,0.87,0.86,72.77
2024-08-26,0.88,0.92,67.08
2024-08-27,0.87,0.92,68.74
2024-08-28,0.91,0.97,54.44
2024-08-29,0.87,0.88,54.58
2024-08-30,0.86,0.86,70.02
2024-09-03,0.96,0.97,36.46
2024-09-04,0.97,0.96,34.69
2024-09-05,0.95,0.98,31.63
2024-09-06,0.98,0.99,19.24
2024-09-09,0.93,1.01,38.9
2024-09-10,0.93,1.03,45.43
2024-09-11,0.9,1.01,58.44
2024-09-12,0.88,0.98,66.43
2024-09-13,0.86,0.95,70.85
2024-09-16,0.87,1,72.19
2024-09-17,0.88,1.03,72.55
2024-09-18,0.9,0.98,63.46
2024-09-19,0.86,0.9,80.52
2024-09-20,0.85,0.82,75.52
2024-09-23,0.85,0.9,78.03
2024-09-24,0.83,0.92,80.6
2024-09-25,0.83,0.92,73.01
2024-09-26,0.83,0.95,77.87
2024-09-27,0.87,0.93,72.39
2024-09-30,0.87,1,78.54
2024-10-01,0.92,1.02,48.56
2024-10-02,0.92,0.99,48.9
2024-10-03,0.95,0.99,43.81
2024-10-04,0.93,0.85,65.77
2024-10-07,1,0.88,43.45
2024-10-08,1,0.84,60.53
2024-10-09,1,0.79,69.32
2024-10-10,1,0.74,64.25
2024-10-11,0.99,0.7,71.86
2024-10-14,0.98,0.74,79.19
2024-10-15,0.99,0.72,60.71
2024-10-16,0.96,0.73,66.32
2024-10-17,0.96,0.72,65.91
2024-10-18,0.94,0.69,71.81
2024-10-21,0.95,0.78,65.77
2024-10-22,0.95,0.8,63.26
2024-10-23,0.96,0.86,37.44
2024-10-24,0.96,0.87,43.7
2024-10-25,0.97,0.91,43.12
2024-10-28,0.98,1.07,53.34
2024-10-29,0.97,1.12,59.03
2024-10-30,0.98,1.16,46.62
2024-10-31,1.02,1.12,17.45
2024-11-01,1,1.07,29.63
2024-11-04,1.02,1.17,26.74
2024-11-05,1.01,1.21,53.46
2024-11-06,0.92,0.97,76.14
2024-11-07,0.9,0.91,79.96
2024-11-08,0.89,0.88,81.85
2024-11-11,0.89,0.94,82.46
2024-11-12,0.88,0.95,73.8
2024-11-13,0.85,0.91,74.29
2024-11-14,0.86,0.92,56.76
2024-11-15,0.91,0.92,34.74
2024-11-18,0.91,0.9,43.18
2024-11-19,0.92,0.87,50.27
2024-11-20,0.94,0.88,50.62
2024-11-21,0.93,0.84,61.53
2024-11-22,0.88,0.75,67.19
2024-11-25,0.87,0.84,72.09
2024-11-26,0.85,0.83,79.05
2024-11-27,0.85,0.76,65.64
2024-11-29,0.83,0.81,74.37
2024-12-02,0.82,0.89,77.01
2024-12-03,0.82,0.89,77.59
2024-12-04,0.82,0.86,84.56
2024-12-05,0.82,0.86,76.27
2024-12-06,0.78,0.81,79.41
2024-12-09,0.83,0.91,55.08
2024-12-10,0.83,0.94,45.73
2024-12-11,0.81,0.89,65.14
2024-12-12,0.81,0.85,49.97
2024-12-13,0.8,0.79,49.59
2024-12-16,0.84,0.82,60.07
2024-12-17,0.88,0.84,47.46
2024-12-18,1.14,1.28,16.03
2024-12-19,1,0.98,15.79
2024-12-20,0.91,0.87,38.91
2024-12-23,0.9,0.88,49.07
2024-12-24,0.83,0.76,62.58
2024-12-26,0.85,0.79,61.57
2024-12-27,0.88,0.84,44.21
2024-12-30,0.92,0.91,32.61
2024-12-31,0.91,0.87,29.25
2025-01-02,0.93,0.91,27.16
2025-01-03,0.89,0.83,50.83
2025-01-06,0.89,0.89,58.09
2025-01-07,0.93,0.9,42.08
2025-01-08,0.92,0.91,44.29
2025-01-10,0.93,0.91,28.07
2025-01-13,0.94,0.97,31.45
2025-01-14,0.94,0.97,34.24
2025-01-15,0.88,0.86,62.76
2025-01-16,0.9,0.9,59.01
2025-01-17,0.88,0.88,69.79
2025-01-21,0.86,0.95,76.53
2025-01-22,0.85,0.9,80.39
2025-01-23,0.86,0.89,83.41
2025-01-24,0.85,0.87,75.64
2025-01-27,0.94,1.03,47.92
2025-01-28,0.91,1.01,59.15
2025-01-29,0.91,0.99,51.71
2025-01-30,0.88,0.95,59.16
2025-01-31,0.89,0.96,50.15
2025-02-03,0.95,1.04,38.71
2025-02-04,0.92,1.01,48.58
